id,cons,shop,left,width,top,height
1024,4939,71272,134,426,524,325
1024,4939,71272,156,394,556,288
1024,4939,71273,134,426,524,325
1024,4939,71273,156,394,556,288
1024,4939,71274,134,426,524,325
1024,4939,71274,156,394,556,288
1024,4939,71275,134,426,524,325
1024,4939,71275,156,394,556,288
1024,2560,71272,144,156,250,318
1024,2560,71272,128,185,246,333
1024,2560,71273,144,156,250,318
1024,2560,71273,128,185,246,333
1024,2560,71274,144,156,250,318
1024,2560,71274,128,185,246,333
1024,2560,71275,144,156,250,318
1024,2560,71275,128,185,246,333
520,7682,21815,121,230,246,359
520,7682,21817,121,230,246,359
520,7682,21819,121,230,246,359
520,7682,21820,121,230,246,359
3595,15116,18976,837,505,680,1014
3595,15116,18977,837,505,680,1014
3595,15116,18978,837,505,680,1014
3595,15116,18979,837,505,680,1014
3595,17862,18976,1812,432,2214,473
3595,17862,18976,1142,647,2535,292
3595,17862,18977,1812,432,2214,473
3595,17862,18977,1142,647,2535,292
3595,17862,18978,1812,432,2214,473
3595,17862,18978,1142,647,2535,292
3595,17862,18979,1812,432,2214,473
3595,17862,18979,1142,647,2535,292
3595,1859,18976,252,255,651,309
3595,1859,18977,252,255,651,309
3595,1859,18978,252,255,651,309
3595,1859,18979,252,255,651,309
3595,11279,18976,300,378,561,576
3595,11279,18977,300,378,561,576
3595,11279,18978,300,378,561,576
3595,11279,18979,300,378,561,576
3595,14488,18976,370,895,1360,1305
3595,14488,18977,370,895,1360,1305
3595,14488,18978,370,895,1360,1305
3595,14488,18979,370,895,1360,1305
3595,8408,18976,530,716,1397,962
3595,8408,18977,530,716,1397,962
3595,8408,18978,530,716,1397,962
3595,8408,18979,530,716,1397,962
3595,18229,18976,114,215,589,410
3595,18229,18977,114,215,589,410
3595,18229,18978,114,215,589,410
3595,18229,18979,114,215,589,410
3595,15067,18976,72,264,569,432
3595,15067,18977,72,264,569,432
3595,15067,18978,72,264,569,432
3595,15067,18979,72,264,569,432
5651,100642,39568,868,636,1310,1713
5651,100642,39568,868,590,1213,1804
5651,100642,39569,868,636,1310,1713
5651,100642,39569,868,590,1213,1804
5651,100642,39570,868,636,1310,1713
5651,100642,39570,868,590,1213,1804
5651,100642,39571,868,636,1310,1713
5651,100642,39571,868,590,1213,1804
5651,2177,39568,1707,6,641,6
5651,2177,39568,693,898,1177,1621
5651,2177,39568,664,1160,571,2291
5651,2177,39569,1707,6,641,6
5651,2177,39569,693,898,1177,1621
5651,2177,39569,664,1160,571,2291
5651,2177,39570,1707,6,641,6
5651,2177,39570,693,898,1177,1621
5651,2177,39570,664,1160,571,2291
5651,2177,39571,1707,6,641,6
5651,2177,39571,693,898,1177,1621
5651,2177,39571,664,1160,571,2291
5651,8035,39568,211,288,411,392
5651,8035,39568,154,345,420,377
5651,8035,39569,211,288,411,392
5651,8035,39569,154,345,420,377
5651,8035,39570,211,288,411,392
5651,8035,39570,154,345,420,377
5651,8035,39571,211,288,411,392
5651,8035,39571,154,345,420,377
5651,6817,39568,18,292,94,431
5651,6817,39568,37,234,108,387
5651,6817,39569,18,292,94,431
5651,6817,39569,37,234,108,387
5651,6817,39570,18,292,94,431
5651,6817,39570,37,234,108,387
5651,6817,39571,18,292,94,431
5651,6817,39571,37,234,108,387
2600,10135,43126,1159,601,1398,1242
2600,10135,43126,1107,747,1492,1044
2600,10135,43127,1159,601,1398,1242
2600,10135,43127,1107,747,1492,1044
2600,10135,43128,1159,601,1398,1242
2600,10135,43128,1107,747,1492,1044
2600,10135,43129,1159,601,1398,1242
2600,10135,43129,1107,747,1492,1044
2600,10135,43130,1159,601,1398,1242
2600,10135,43130,1107,747,1492,1044
2600,13826,43126,33,347,592,128
2600,13826,43126,22,398,544,173
2600,13826,43127,33,347,592,128
2600,13826,43127,22,398,544,173
2600,13826,43128,33,347,592,128
2600,13826,43128,22,398,544,173
2600,13826,43129,33,347,592,128
2600,13826,43129,22,398,544,173
2600,13826,43130,33,347,592,128
2600,13826,43130,22,398,544,173
2600,15922,43126,4,887,1350,1365
2600,15922,43126,18,714,1415,1172
2600,15922,43127,4,887,1350,1365
2600,15922,43127,18,714,1415,1172
2600,15922,43128,4,887,1350,1365
2600,15922,43128,18,714,1415,1172
2600,15922,43129,4,887,1350,1365
2600,15922,43129,18,714,1415,1172
2600,15922,43130,4,887,1350,1365
2600,15922,43130,18,714,1415,1172
1579,3982,63011,903,1125,874,2075
1579,3982,63012,903,1125,874,2075
1579,3982,63013,903,1125,874,2075
1579,3982,63014,903,1125,874,2075
2604,11422,42157,650,650,1120,1595
2604,11422,42157,695,630,1140,1460
2604,11422,42158,650,650,1120,1595
2604,11422,42158,695,630,1140,1460
2604,11422,42159,650,650,1120,1595
2604,11422,42159,695,630,1140,1460
2604,11422,42160,650,650,1120,1595
2604,11422,42160,695,630,1140,1460
556,8497,81665,585,810,1320,1240
556,8497,81665,670,680,1335,1230
556,8497,81666,585,810,1320,1240
556,8497,81666,670,680,1335,1230
556,8497,81667,585,810,1320,1240
556,8497,81667,670,680,1335,1230
556,8497,81668,585,810,1320,1240
556,8497,81668,670,680,1335,1230
556,8497,81669,585,810,1320,1240
556,8497,81669,670,680,1335,1230
3124,8442,82442,590,392,1229,783
3124,8442,82442,553,466,1206,852
3124,8442,82443,590,392,1229,783
3124,8442,82443,553,466,1206,852
3124,8442,82444,590,392,1229,783
3124,8442,82444,553,466,1206,852
3124,8442,82445,590,392,1229,783
3124,8442,82445,553,466,1206,852
2104,10634,38441,130,172,288,307
2104,10634,38441,147,216,114,450
2104,10634,38442,130,172,288,307
2104,10634,38442,147,216,114,450
2104,10634,38443,130,172,288,307
2104,10634,38443,147,216,114,450
2104,10634,38444,130,172,288,307
2104,10634,38444,147,216,114,450
2104,10634,38445,130,172,288,307
2104,10634,38445,147,216,114,450
2104,329898,38441,285,439,1546,417
2104,329898,38441,215,608,1364,622
2104,329898,38442,285,439,1546,417
2104,329898,38442,215,608,1364,622
2104,329898,38443,285,439,1546,417
2104,329898,38443,215,608,1364,622
2104,329898,38444,285,439,1546,417
2104,329898,38444,215,608,1364,622
2104,329898,38445,285,439,1546,417
2104,329898,38445,215,608,1364,622
2109,1814,97505,431,488,840,1198
2109,1814,97505,461,473,818,1232
2109,1814,97506,431,488,840,1198
2109,1814,97506,461,473,818,1232
2109,1814,97507,431,488,840,1198
2109,1814,97507,461,473,818,1232
582,18524,40597,751,752,1159,1487
582,18524,40597,687,706,1328,1213
582,18524,40598,751,752,1159,1487
582,18524,40598,687,706,1328,1213
582,18524,40599,751,752,1159,1487
582,18524,40599,687,706,1328,1213
582,18524,40600,751,752,1159,1487
582,18524,40600,687,706,1328,1213
582,18524,40601,751,752,1159,1487
582,18524,40601,687,706,1328,1213
582,9302,40597,804,548,1094,219
582,9302,40597,752,872,1870,781
582,9302,40597,790,572,1061,277
582,9302,40597,847,800,1823,834
582,9302,40598,804,548,1094,219
582,9302,40598,752,872,1870,781
582,9302,40598,790,572,1061,277
582,9302,40598,847,800,1823,834
582,9302,40599,804,548,1094,219
582,9302,40599,752,872,1870,781
582,9302,40599,790,572,1061,277
582,9302,40599,847,800,1823,834
582,9302,40600,804,548,1094,219
582,9302,40600,752,872,1870,781
582,9302,40600,790,572,1061,277
582,9302,40600,847,800,1823,834
582,9302,40601,804,548,1094,219
582,9302,40601,752,872,1870,781
582,9302,40601,790,572,1061,277
582,9302,40601,847,800,1823,834
582,18146,40597,108,377,615,548
582,18146,40597,143,379,610,559
582,18146,40598,108,377,615,548
582,18146,40598,143,379,610,559
582,18146,40599,108,377,615,548
582,18146,40599,143,379,610,559
582,18146,40600,108,377,615,548
582,18146,40600,143,379,610,559
582,18146,40601,108,377,615,548
582,18146,40601,143,379,610,559
582,12737,40597,36,499,749,1088
582,12737,40597,731,398,763,1152
582,12737,40597,256,320,772,1107
582,12737,40597,726,416,736,1116
582,12737,40597,41,293,822,1006
582,12737,40598,36,499,749,1088
582,12737,40598,731,398,763,1152
582,12737,40598,256,320,772,1107
582,12737,40598,726,416,736,1116
582,12737,40598,41,293,822,1006
582,12737,40599,36,499,749,1088
582,12737,40599,731,398,763,1152
582,12737,40599,256,320,772,1107
582,12737,40599,726,416,736,1116
582,12737,40599,41,293,822,1006
582,12737,40600,36,499,749,1088
582,12737,40600,731,398,763,1152
582,12737,40600,256,320,772,1107
582,12737,40600,726,416,736,1116
582,12737,40600,41,293,822,1006
582,12737,40601,36,499,749,1088
582,12737,40601,731,398,763,1152
582,12737,40601,256,320,772,1107
582,12737,40601,726,416,736,1116
582,12737,40601,41,293,822,1006
5194,330013,40933,376,541,1458,997
5194,330013,40933,354,506,1498,957
5194,330013,40935,376,541,1458,997
5194,330013,40935,354,506,1498,957
5194,330013,40937,376,541,1458,997
5194,330013,40937,354,506,1498,957
5194,330013,40938,376,541,1458,997
5194,330013,40938,354,506,1498,957
586,4617,26043,167,114,291,339
586,4617,26043,258,102,288,349
586,4617,26043,184,160,278,347
586,4617,26044,167,114,291,339
586,4617,26044,258,102,288,349
586,4617,26044,184,160,278,347
586,4617,26045,167,114,291,339
586,4617,26045,258,102,288,349
586,4617,26045,184,160,278,347
76,13811,48661,246,574,484,715
76,13811,48661,311,539,403,627
76,13811,48662,246,574,484,715
76,13811,48662,311,539,403,627
76,13811,48663,246,574,484,715
76,13811,48663,311,539,403,627
76,13811,48664,246,574,484,715
76,13811,48664,311,539,403,627
1105,8897,19171,132,438,518,528
1105,8897,19172,132,438,518,528
1105,8897,19173,132,438,518,528
1105,8897,19174,132,438,518,528
1105,8897,19175,132,438,518,528
3666,11294,85328,595,165,458,337
3666,11294,85328,559,193,437,298
3666,11294,85329,595,165,458,337
3666,11294,85329,559,193,437,298
3666,11294,85330,595,165,458,337
3666,11294,85330,559,193,437,298
3666,11294,85331,595,165,458,337
3666,11294,85331,559,193,437,298
3666,11294,85332,595,165,458,337
3666,11294,85332,559,193,437,298
3666,12466,85328,308,298,693,403
3666,12466,85328,352,222,732,374
3666,12466,85329,308,298,693,403
3666,12466,85329,352,222,732,374
3666,12466,85330,308,298,693,403
3666,12466,85330,352,222,732,374
3666,12466,85331,308,298,693,403
3666,12466,85331,352,222,732,374
3666,12466,85332,308,298,693,403
3666,12466,85332,352,222,732,374
2131,2677,19825,1958,1135,1095,2114
2131,2677,19825,272,1081,1080,2052
2131,2677,19825,1888,1306,1173,1959
2131,2677,19825,318,1042,1134,2029
2131,2677,19826,1958,1135,1095,2114
2131,2677,19826,272,1081,1080,2052
2131,2677,19826,1888,1306,1173,1959
2131,2677,19826,318,1042,1134,2029
2131,2677,19827,1958,1135,1095,2114
2131,2677,19827,272,1081,1080,2052
2131,2677,19827,1888,1306,1173,1959
2131,2677,19827,318,1042,1134,2029
2131,2677,19828,1958,1135,1095,2114
2131,2677,19828,272,1081,1080,2052
2131,2677,19828,1888,1306,1173,1959
2131,2677,19828,318,1042,1134,2029
2647,863,55170,148,159,375,269
2647,863,55170,155,160,367,282
2647,863,55171,148,159,375,269
2647,863,55171,155,160,367,282
2647,863,55172,148,159,375,269
2647,863,55172,155,160,367,282
2647,863,55173,148,159,375,269
2647,863,55173,155,160,367,282
3673,15369,88298,271,387,219,576
3673,15369,88298,354,242,604,363
3673,15369,88299,271,387,219,576
3673,15369,88299,354,242,604,363
3673,15369,88300,271,387,219,576
3673,15369,88300,354,242,604,363
3673,15369,88301,271,387,219,576
3673,15369,88301,354,242,604,363
3673,15369,88302,271,387,219,576
3673,15369,88302,354,242,604,363
1115,4927,75905,675,880,1180,1435
1115,4927,75906,675,880,1180,1435
1115,4927,75907,675,880,1180,1435
1115,4927,75908,675,880,1180,1435
1115,4927,75909,675,880,1180,1435
2653,330506,18900,263,517,887,966
2653,330506,18900,1180,620,906,942
2653,330506,18901,263,517,887,966
2653,330506,18901,1180,620,906,942
2653,330506,18902,263,517,887,966
2653,330506,18902,1180,620,906,942
2653,330506,18903,263,517,887,966
2653,330506,18903,1180,620,906,942
2653,8299,18900,384,204,464,568
2653,8299,18901,384,204,464,568
2653,8299,18902,384,204,464,568
2653,8299,18903,384,204,464,568
2653,4739,18900,497,483,917,1131
2653,4739,18901,497,483,917,1131
2653,4739,18902,497,483,917,1131
2653,4739,18903,497,483,917,1131
2653,4367,18900,608,680,1550,1235
2653,4367,18901,608,680,1550,1235
2653,4367,18902,608,680,1550,1235
2653,4367,18903,608,680,1550,1235
2653,18804,18900,124,727,936,1718
2653,18804,18901,124,727,936,1718
2653,18804,18902,124,727,936,1718
2653,18804,18903,124,727,936,1718
2653,11888,18900,570,450,954,933
2653,11888,18901,570,450,954,933
2653,11888,18902,570,450,954,933
2653,11888,18903,570,450,954,933
1118,16441,60101,573,1001,2062,783
1118,16441,60101,436,1171,1597,1248
1118,16441,60102,573,1001,2062,783
1118,16441,60102,436,1171,1597,1248
1118,16441,60103,573,1001,2062,783
1118,16441,60103,436,1171,1597,1248
616,11060,85196,432,887,2291,1562
616,11060,85196,439,935,2215,1617
616,11060,85197,432,887,2291,1562
616,11060,85197,439,935,2215,1617
616,11060,85198,432,887,2291,1562
616,11060,85198,439,935,2215,1617
616,11060,85199,432,887,2291,1562
616,11060,85199,439,935,2215,1617
616,14822,85196,556,1010,1823,1714
616,14822,85196,597,928,1740,1886
616,14822,85197,556,1010,1823,1714
616,14822,85197,597,928,1740,1886
616,14822,85198,556,1010,1823,1714
616,14822,85198,597,928,1740,1886
616,14822,85199,556,1010,1823,1714
616,14822,85199,597,928,1740,1886
2669,18244,18923,740,785,980,645
2669,18244,18924,740,785,980,645
2669,18244,18925,740,785,980,645
2669,18244,18926,740,785,980,645
2669,11573,18923,480,713,1664,1377
2669,11573,18924,480,713,1664,1377
2669,11573,18925,480,713,1664,1377
2669,11573,18926,480,713,1664,1377
2669,11824,18923,714,646,1722,1533
2669,11824,18924,714,646,1722,1533
2669,11824,18925,714,646,1722,1533
2669,11824,18926,714,646,1722,1533
2669,12082,18923,311,624,1260,1198
2669,12082,18924,311,624,1260,1198
2669,12082,18925,311,624,1260,1198
2669,12082,18926,311,624,1260,1198
2162,4108,74972,205,148,246,293
2162,4108,74972,224,119,268,276
2162,4108,74973,205,148,246,293
2162,4108,74973,224,119,268,276
2162,4108,74975,205,148,246,293
2162,4108,74975,224,119,268,276
2162,4108,74976,205,148,246,293
2162,4108,74976,224,119,268,276
2684,11402,29796,819,220,652,381
2684,11402,29796,234,214,633,427
2684,11402,29796,225,226,667,357
2684,11402,29796,844,171,658,348
2684,11402,29797,819,220,652,381
2684,11402,29797,234,214,633,427
2684,11402,29797,225,226,667,357
2684,11402,29797,844,171,658,348
2684,11402,29798,819,220,652,381
2684,11402,29798,234,214,633,427
2684,11402,29798,225,226,667,357
2684,11402,29798,844,171,658,348
2684,11402,29799,819,220,652,381
2684,11402,29799,234,214,633,427
2684,11402,29799,225,226,667,357
2684,11402,29799,844,171,658,348
2684,11402,97597,819,220,652,381
2684,11402,97597,234,214,633,427
2684,11402,97597,225,226,667,357
2684,11402,97597,844,171,658,348
2684,7863,29796,555,704,1606,713
2684,7863,29796,564,661,1632,695
2684,7863,29797,555,704,1606,713
2684,7863,29797,564,661,1632,695
2684,7863,29798,555,704,1606,713
2684,7863,29798,564,661,1632,695
2684,7863,29799,555,704,1606,713
2684,7863,29799,564,661,1632,695
2684,7863,97597,555,704,1606,713
2684,7863,97597,564,661,1632,695
2684,16917,29796,979,694,1754,1294
2684,16917,29796,950,304,1795,1178
2684,16917,29796,1247,397,1841,1172
2684,16917,29797,979,694,1754,1294
2684,16917,29797,950,304,1795,1178
2684,16917,29797,1247,397,1841,1172
2684,16917,29798,979,694,1754,1294
2684,16917,29798,950,304,1795,1178
2684,16917,29798,1247,397,1841,1172
2684,16917,29799,979,694,1754,1294
2684,16917,29799,950,304,1795,1178
2684,16917,29799,1247,397,1841,1172
2684,16917,97597,979,694,1754,1294
2684,16917,97597,950,304,1795,1178
2684,16917,97597,1247,397,1841,1172
2684,6575,29796,405,621,1217,474
2684,6575,29796,1606,457,1116,795
2684,6575,29796,1031,491,1161,767
2684,6575,29796,1031,553,1116,784
2684,6575,29797,405,621,1217,474
2684,6575,29797,1606,457,1116,795
2684,6575,29797,1031,491,1161,767
2684,6575,29797,1031,553,1116,784
2684,6575,29798,405,621,1217,474
2684,6575,29798,1606,457,1116,795
2684,6575,29798,1031,491,1161,767
2684,6575,29798,1031,553,1116,784
2684,6575,29799,405,621,1217,474
2684,6575,29799,1606,457,1116,795
2684,6575,29799,1031,491,1161,767
2684,6575,29799,1031,553,1116,784
2684,6575,97597,405,621,1217,474
2684,6575,97597,1606,457,1116,795
2684,6575,97597,1031,491,1161,767
2684,6575,97597,1031,553,1116,784
2684,7865,29796,416,235,358,474
2684,7865,29796,424,245,382,485
2684,7865,29797,416,235,358,474
2684,7865,29797,424,245,382,485
2684,7865,29798,416,235,358,474
2684,7865,29798,424,245,382,485
2684,7865,29799,416,235,358,474
2684,7865,29799,424,245,382,485
2684,7865,97597,416,235,358,474
2684,7865,97597,424,245,382,485
2684,7611,29796,365,655,1460,1290
2684,7611,29796,270,820,1460,1150
2684,7611,29797,365,655,1460,1290
2684,7611,29797,270,820,1460,1150
2684,7611,29798,365,655,1460,1290
2684,7611,29798,270,820,1460,1150
2684,7611,29799,365,655,1460,1290
2684,7611,29799,270,820,1460,1150
2684,7611,97597,365,655,1460,1290
2684,7611,97597,270,820,1460,1150
131,329854,40311,446,2,407,2
131,329854,40311,257,159,422,389
131,329854,40311,253,168,423,388
131,329854,40312,446,2,407,2
131,329854,40312,257,159,422,389
131,329854,40312,253,168,423,388
131,329854,40313,446,2,407,2
131,329854,40313,257,159,422,389
131,329854,40313,253,168,423,388
131,329854,40314,446,2,407,2
131,329854,40314,257,159,422,389
131,329854,40314,253,168,423,388
3717,9979,38740,157,189,229,310
3717,9979,38740,165,168,240,293
3717,9979,38741,157,189,229,310
3717,9979,38741,165,168,240,293
3717,9979,38742,157,189,229,310
3717,9979,38742,165,168,240,293
3717,9979,38743,157,189,229,310
3717,9979,38743,165,168,240,293
3717,9979,38744,157,189,229,310
3717,9979,38744,165,168,240,293
5256,17307,89010,169,212,452,354
5256,17307,89010,175,234,420,433
5256,17307,89011,169,212,452,354
5256,17307,89011,175,234,420,433
5256,17307,89012,169,212,452,354
5256,17307,89012,175,234,420,433
5256,17307,89013,169,212,452,354
5256,17307,89013,175,234,420,433
5258,98778,19625,109,288,699,571
5258,98778,19625,17,406,656,586
5258,98778,19626,109,288,699,571
5258,98778,19626,17,406,656,586
5258,98778,19627,109,288,699,571
5258,98778,19627,17,406,656,586
5258,98778,19628,109,288,699,571
5258,98778,19628,17,406,656,586
3723,10764,60885,228,169,260,339
3723,10764,60885,229,164,269,335
3723,10764,60886,228,169,260,339
3723,10764,60886,229,164,269,335
3723,10764,60887,228,169,260,339
3723,10764,60887,229,164,269,335
3723,10764,60888,228,169,260,339
3723,10764,60888,229,164,269,335
3723,1605,60885,440,731,1053,1719
3723,1605,60885,461,638,1079,1579
3723,1605,60886,440,731,1053,1719
3723,1605,60886,461,638,1079,1579
3723,1605,60887,440,731,1053,1719
3723,1605,60887,461,638,1079,1579
3723,1605,60888,440,731,1053,1719
3723,1605,60888,461,638,1079,1579
3723,15058,60885,318,641,999,1368
3723,15058,60885,354,614,1017,1313
3723,15058,60886,318,641,999,1368
3723,15058,60886,354,614,1017,1313
3723,15058,60887,318,641,999,1368
3723,15058,60887,354,614,1017,1313
3723,15058,60888,318,641,999,1368
3723,15058,60888,354,614,1017,1313
3723,16985,60885,64,211,411,229
3723,16985,60885,115,86,201,145
3723,16985,60885,425,116,397,197
3723,16985,60885,4,285,400,240
3723,16985,60886,64,211,411,229
3723,16985,60886,115,86,201,145
3723,16985,60886,425,116,397,197
3723,16985,60886,4,285,400,240
3723,16985,60887,64,211,411,229
3723,16985,60887,115,86,201,145
3723,16985,60887,425,116,397,197
3723,16985,60887,4,285,400,240
3723,16985,60888,64,211,411,229
3723,16985,60888,115,86,201,145
3723,16985,60888,425,116,397,197
3723,16985,60888,4,285,400,240
3723,2799,60885,273,313,477,745
3723,2799,60885,261,309,489,682
3723,2799,60886,273,313,477,745
3723,2799,60886,261,309,489,682
3723,2799,60887,273,313,477,745
3723,2799,60887,261,309,489,682
3723,2799,60888,273,313,477,745
3723,2799,60888,261,309,489,682
2186,5605,29773,545,990,1275,1195
2186,5605,29773,570,950,1275,1225
2186,5605,29774,545,990,1275,1195
2186,5605,29774,570,950,1275,1225
2186,5605,29775,545,990,1275,1195
2186,5605,29775,570,950,1275,1225
2186,5605,29776,545,990,1275,1195
2186,5605,29776,570,950,1275,1225
2186,5605,29777,545,990,1275,1195
2186,5605,29777,570,950,1275,1225
2704,8866,39328,486,450,1045,992
2704,8866,39328,555,4,1024,4
2704,8866,39328,486,450,1002,970
2704,8866,39330,486,450,1045,992
2704,8866,39330,555,4,1024,4
2704,8866,39330,486,450,1002,970
2704,8866,39331,486,450,1045,992
2704,8866,39331,555,4,1024,4
2704,8866,39331,486,450,1002,970
2704,8866,39332,486,450,1045,992
2704,8866,39332,555,4,1024,4
2704,8866,39332,486,450,1002,970
2704,8866,39333,486,450,1045,992
2704,8866,39333,555,4,1024,4
2704,8866,39333,486,450,1002,970
2704,13604,39328,79,218,239,365
2704,13604,39328,100,188,277,355
2704,13604,39330,79,218,239,365
2704,13604,39330,100,188,277,355
2704,13604,39331,79,218,239,365
2704,13604,39331,100,188,277,355
2704,13604,39332,79,218,239,365
2704,13604,39332,100,188,277,355
2704,13604,39333,79,218,239,365
2704,13604,39333,100,188,277,355
1180,14531,54635,555,1215,1300,975
1180,14531,54635,505,1280,1210,1060
1180,14531,54636,555,1215,1300,975
1180,14531,54636,505,1280,1210,1060
1180,14531,54637,555,1215,1300,975
1180,14531,54637,505,1280,1210,1060
1180,14531,54638,555,1215,1300,975
1180,14531,54638,505,1280,1210,1060
1180,14531,54639,555,1215,1300,975
1180,14531,54639,505,1280,1210,1060
1183,8519,73274,152,296,591,520
1183,8519,73274,134,318,636,503
1183,8519,73275,152,296,591,520
1183,8519,73275,134,318,636,503
1183,8519,73276,152,296,591,520
1183,8519,73276,134,318,636,503
1183,8519,73277,152,296,591,520
1183,8519,73277,134,318,636,503
1183,8519,73278,152,296,591,520
1183,8519,73278,134,318,636,503
1183,3455,73274,180,287,738,394
1183,3455,73274,176,298,745,381
1183,3455,73275,180,287,738,394
1183,3455,73275,176,298,745,381
1183,3455,73276,180,287,738,394
1183,3455,73276,176,298,745,381
1183,3455,73277,180,287,738,394
1183,3455,73277,176,298,745,381
1183,3455,73278,180,287,738,394
1183,3455,73278,176,298,745,381
163,12757,41338,431,324,709,633
163,12757,41338,440,307,721,595
163,12757,41339,431,324,709,633
163,12757,41339,440,307,721,595
163,12757,41340,431,324,709,633
163,12757,41340,440,307,721,595
163,12757,41341,431,324,709,633
163,12757,41341,440,307,721,595
163,12757,41342,431,324,709,633
163,12757,41342,440,307,721,595
3236,14934,74430,128,308,348,420
3236,14934,74430,168,240,382,364
3236,14934,74431,128,308,348,420
3236,14934,74431,168,240,382,364
3236,14934,74432,128,308,348,420
3236,14934,74432,168,240,382,364
3236,15978,74430,75,827,1458,1091
3236,15978,74430,199,562,1398,1156
3236,15978,74431,75,827,1458,1091
3236,15978,74431,199,562,1398,1156
3236,15978,74432,75,827,1458,1091
3236,15978,74432,199,562,1398,1156
3236,3750,74430,695,705,1150,1190
3236,3750,74430,790,565,1255,1125
3236,3750,74431,695,705,1150,1190
3236,3750,74431,790,565,1255,1125
3236,3750,74432,695,705,1150,1190
3236,3750,74432,790,565,1255,1125
165,10939,47383,789,488,900,531
165,10939,47383,740,537,900,451
165,10939,47385,789,488,900,531
165,10939,47385,740,537,900,451
165,10939,47387,789,488,900,531
165,10939,47387,740,537,900,451
165,10939,47388,789,488,900,531
165,10939,47388,740,537,900,451
1197,8576,35336,1149,1098,2600,1633
1197,8576,35336,1278,864,2566,1685
1197,8576,35337,1149,1098,2600,1633
1197,8576,35337,1278,864,2566,1685
1197,8576,35338,1149,1098,2600,1633
1197,8576,35338,1278,864,2566,1685
1197,8576,35339,1149,1098,2600,1633
1197,8576,35339,1278,864,2566,1685
2226,363636,39386,981,823,2815,1550
2226,363636,39386,884,964,2744,1683
2226,363636,39387,981,823,2815,1550
2226,363636,39387,884,964,2744,1683
2226,363636,39388,981,823,2815,1550
2226,363636,39388,884,964,2744,1683
2226,363636,39389,981,823,2815,1550
2226,363636,39389,884,964,2744,1683
2226,363636,39390,981,823,2815,1550
2226,363636,39390,884,964,2744,1683
4788,7367,19054,24,148,278,346
4788,7367,19054,245,154,260,359
4788,7367,19055,24,148,278,346
4788,7367,19055,245,154,260,359
4788,7367,19056,24,148,278,346
4788,7367,19056,245,154,260,359
4788,7367,19057,24,148,278,346
4788,7367,19057,245,154,260,359
4788,7367,97221,24,148,278,346
4788,7367,97221,245,154,260,359
4788,18145,19054,245,156,449,335
4788,18145,19055,245,156,449,335
4788,18145,19056,245,156,449,335
4788,18145,19057,245,156,449,335
4788,18145,97221,245,156,449,335
4788,495,19054,654,907,1864,1102
4788,495,19055,654,907,1864,1102
4788,495,19056,654,907,1864,1102
4788,495,19057,654,907,1864,1102
4788,495,97221,654,907,1864,1102
4788,5286,19054,686,647,1810,1830
4788,5286,19055,686,647,1810,1830
4788,5286,19056,686,647,1810,1830
4788,5286,19057,686,647,1810,1830
4788,5286,97221,686,647,1810,1830
4788,10563,19054,240,165,514,364
4788,10563,19055,240,165,514,364
4788,10563,19056,240,165,514,364
4788,10563,19057,240,165,514,364
4788,10563,97221,240,165,514,364
4788,4664,19054,170,260,304,308
4788,4664,19055,170,260,304,308
4788,4664,19056,170,260,304,308
4788,4664,19057,170,260,304,308
4788,4664,97221,170,260,304,308
4788,12825,19054,360,282,543,585
4788,12825,19055,360,282,543,585
4788,12825,19056,360,282,543,585
4788,12825,19057,360,282,543,585
4788,12825,97221,360,282,543,585
4788,18660,19054,306,170,300,226
4788,18660,19055,306,170,300,226
4788,18660,19056,306,170,300,226
4788,18660,19057,306,170,300,226
4788,18660,97221,306,170,300,226
4788,15425,19054,311,489,709,647
4788,15425,19055,311,489,709,647
4788,15425,19056,311,489,709,647
4788,15425,19057,311,489,709,647
4788,15425,97221,311,489,709,647
4788,8139,19054,171,484,608,356
4788,8139,19055,171,484,608,356
4788,8139,19056,171,484,608,356
4788,8139,19057,171,484,608,356
4788,8139,97221,171,484,608,356
4788,6050,19054,400,421,440,1181
4788,6050,19055,400,421,440,1181
4788,6050,19056,400,421,440,1181
4788,6050,19057,400,421,440,1181
4788,6050,97221,400,421,440,1181
4788,14663,19054,159,644,1250,600
4788,14663,19054,649,599,1581,1159
4788,14663,19055,159,644,1250,600
4788,14663,19055,649,599,1581,1159
4788,14663,19056,159,644,1250,600
4788,14663,19056,649,599,1581,1159
4788,14663,19057,159,644,1250,600
4788,14663,19057,649,599,1581,1159
4788,14663,97221,159,644,1250,600
4788,14663,97221,649,599,1581,1159
4788,14505,19054,428,590,1646,743
4788,14505,19055,428,590,1646,743
4788,14505,19056,428,590,1646,743
4788,14505,19057,428,590,1646,743
4788,14505,97221,428,590,1646,743
4788,13502,19054,958,848,2429,1302
4788,13502,19055,958,848,2429,1302
4788,13502,19056,958,848,2429,1302
4788,13502,19057,958,848,2429,1302
4788,13502,97221,958,848,2429,1302
4788,3241,19054,80,688,294,291
4788,3241,19055,80,688,294,291
4788,3241,19056,80,688,294,291
4788,3241,19057,80,688,294,291
4788,3241,97221,80,688,294,291
4788,14277,19054,182,315,1027,670
4788,14277,19055,182,315,1027,670
4788,14277,19056,182,315,1027,670
4788,14277,19057,182,315,1027,670
4788,14277,97221,182,315,1027,670
4788,1095,19054,582,236,667,55
4788,1095,19055,582,236,667,55
4788,1095,19056,582,236,667,55
4788,1095,19057,582,236,667,55
4788,1095,97221,582,236,667,55
4788,17983,19054,218,152,314,254
4788,17983,19055,218,152,314,254
4788,17983,19056,218,152,314,254
4788,17983,19057,218,152,314,254
4788,17983,97221,218,152,314,254
4788,16376,19054,882,739,546,372
4788,16376,19055,882,739,546,372
4788,16376,19056,882,739,546,372
4788,16376,19057,882,739,546,372
4788,16376,97221,882,739,546,372
2740,18434,88227,530,872,1275,1317
2740,18434,88228,530,872,1275,1317
2740,18434,88229,530,872,1275,1317
1208,11464,85165,746,735,1643,1213
1208,11464,85165,711,782,1573,1300
1208,11464,85166,746,735,1643,1213
1208,11464,85166,711,782,1573,1300
1208,11464,85167,746,735,1643,1213
1208,11464,85167,711,782,1573,1300
1208,11464,85168,746,735,1643,1213
1208,11464,85168,711,782,1573,1300
1727,17042,88497,180,279,508,683
1727,17042,88497,210,257,512,666
1727,17042,88498,180,279,508,683
1727,17042,88498,210,257,512,666
1727,17042,88499,180,279,508,683
1727,17042,88499,210,257,512,666
1727,15527,88497,185,186,287,412
1727,15527,88497,215,144,316,389
1727,15527,88498,185,186,287,412
1727,15527,88498,215,144,316,389
1727,15527,88499,185,186,287,412
1727,15527,88499,215,144,316,389
3775,18065,59202,178,294,536,548
3775,18065,59202,206,274,291,789
3775,18065,59204,178,294,536,548
3775,18065,59204,206,274,291,789
3775,18065,59206,178,294,536,548
3775,18065,59206,206,274,291,789
3775,18065,59208,178,294,536,548
3775,18065,59208,206,274,291,789
2256,13158,90418,359,215,303,638
2256,13158,90418,691,199,357,594
2256,13158,90418,682,194,329,629
2256,13158,90418,86,206,371,587
2256,13158,90418,385,229,366,587
2256,13158,90418,60,218,336,594
2256,13158,90419,359,215,303,638
2256,13158,90419,691,199,357,594
2256,13158,90419,682,194,329,629
2256,13158,90419,86,206,371,587
2256,13158,90419,385,229,366,587
2256,13158,90419,60,218,336,594
2256,13158,90420,359,215,303,638
2256,13158,90420,691,199,357,594
2256,13158,90420,682,194,329,629
2256,13158,90420,86,206,371,587
2256,13158,90420,385,229,366,587
2256,13158,90420,60,218,336,594
2256,14118,90418,691,253,394,568
2256,14118,90418,390,243,399,561
2256,14118,90418,366,241,399,561
2256,14118,90418,693,206,371,563
2256,14118,90418,72,241,387,566
2256,14118,90418,79,208,378,582
2256,14118,90419,691,253,394,568
2256,14118,90419,390,243,399,561
2256,14118,90419,366,241,399,561
2256,14118,90419,693,206,371,563
2256,14118,90419,72,241,387,566
2256,14118,90419,79,208,378,582
2256,14118,90420,691,253,394,568
2256,14118,90420,390,243,399,561
2256,14118,90420,366,241,399,561
2256,14118,90420,693,206,371,563
2256,14118,90420,72,241,387,566
2256,14118,90420,79,208,378,582
218,15717,55958,585,595,1271,1065
218,15717,55958,557,624,1337,950
218,15717,55959,585,595,1271,1065
218,15717,55959,557,624,1337,950
218,15717,55960,585,595,1271,1065
218,15717,55960,557,624,1337,950
218,15717,55961,585,595,1271,1065
218,15717,55961,557,624,1337,950
731,12982,46104,205,78,301,128
731,12982,46104,209,67,313,98
731,12982,46105,205,78,301,128
731,12982,46105,209,67,313,98
731,12982,46106,205,78,301,128
731,12982,46106,209,67,313,98
2268,18096,83773,123,366,508,452
2268,18096,83774,123,366,508,452
2268,18096,83775,123,366,508,452
2268,18096,83776,123,366,508,452
2268,18096,83777,123,366,508,452
2268,9484,83773,210,365,631,700
2268,9484,83774,210,365,631,700
2268,9484,83775,210,365,631,700
2268,9484,83776,210,365,631,700
2268,9484,83777,210,365,631,700
2780,16887,86345,173,281,593,513
2780,16887,86345,191,257,602,609
2780,16887,86346,173,281,593,513
2780,16887,86346,191,257,602,609
2780,16887,86347,173,281,593,513
2780,16887,86347,191,257,602,609
2780,16887,86348,173,281,593,513
2780,16887,86348,191,257,602,609
2780,16887,86349,173,281,593,513
2780,16887,86349,191,257,602,609
2781,5173,78075,208,285,918,91
2781,5173,78075,218,255,914,106
2781,5173,78076,208,285,918,91
2781,5173,78076,218,255,914,106
2781,5173,78077,208,285,918,91
2781,5173,78077,218,255,914,106
2781,5173,78078,208,285,918,91
2781,5173,78078,218,255,914,106
2787,15770,19218,64,402,383,835
2787,15770,19219,64,402,383,835
2787,15770,19220,64,402,383,835
2787,15770,19221,64,402,383,835
2787,15770,97222,64,402,383,835
2787,17622,19218,416,372,694,778
2787,17622,19219,416,372,694,778
2787,17622,19220,416,372,694,778
2787,17622,19221,416,372,694,778
2787,17622,97222,416,372,694,778
5349,8570,19028,134,186,294,328
5349,8570,19029,134,186,294,328
5349,8570,19030,134,186,294,328
5349,8570,19031,134,186,294,328
5349,15065,19028,123,203,352,251
5349,15065,19029,123,203,352,251
5349,15065,19030,123,203,352,251
5349,15065,19031,123,203,352,251
3302,1373,65050,1013,616,1154,715
3302,1373,65050,897,760,1154,707
3302,1373,65051,1013,616,1154,715
3302,1373,65051,897,760,1154,707
3302,1373,65052,1013,616,1154,715
3302,1373,65052,897,760,1154,707
3302,1373,65054,1013,616,1154,715
3302,1373,65054,897,760,1154,707
3302,1373,65056,1013,616,1154,715
3302,1373,65056,897,760,1154,707
3302,1373,97460,1013,616,1154,715
3302,1373,97460,897,760,1154,707
3302,700,65050,351,127,327,106
3302,700,65050,359,112,351,78
3302,700,65051,351,127,327,106
3302,700,65051,359,112,351,78
3302,700,65052,351,127,327,106
3302,700,65052,359,112,351,78
3302,700,65054,351,127,327,106
3302,700,65054,359,112,351,78
3302,700,65056,351,127,327,106
3302,700,65056,359,112,351,78
3302,700,97460,351,127,327,106
3302,700,97460,359,112,351,78
3302,13833,65050,218,362,498,586
3302,13833,65050,276,316,504,594
3302,13833,65051,218,362,498,586
3302,13833,65051,276,316,504,594
3302,13833,65052,218,362,498,586
3302,13833,65052,276,316,504,594
3302,13833,65054,218,362,498,586
3302,13833,65054,276,316,504,594
3302,13833,65056,218,362,498,586
3302,13833,65056,276,316,504,594
3302,13833,97460,218,362,498,586
3302,13833,97460,276,316,504,594
3302,10207,65050,1200,813,2738,1383
3302,10207,65050,1166,847,2695,1443
3302,10207,65051,1200,813,2738,1383
3302,10207,65051,1166,847,2695,1443
3302,10207,65052,1200,813,2738,1383
3302,10207,65052,1166,847,2695,1443
3302,10207,65054,1200,813,2738,1383
3302,10207,65054,1166,847,2695,1443
3302,10207,65056,1200,813,2738,1383
3302,10207,65056,1166,847,2695,1443
3302,10207,97460,1200,813,2738,1383
3302,10207,97460,1166,847,2695,1443
3302,11120,65050,473,484,992,619
3302,11120,65050,463,498,1054,533
3302,11120,65051,473,484,992,619
3302,11120,65051,463,498,1054,533
3302,11120,65052,473,484,992,619
3302,11120,65052,463,498,1054,533
3302,11120,65054,473,484,992,619
3302,11120,65054,463,498,1054,533
3302,11120,65056,473,484,992,619
3302,11120,65056,463,498,1054,533
3302,11120,97460,473,484,992,619
3302,11120,97460,463,498,1054,533
3302,6506,65050,225,134,276,277
3302,6506,65050,232,104,284,258
3302,6506,65051,225,134,276,277
3302,6506,65051,232,104,284,258
3302,6506,65052,225,134,276,277
3302,6506,65052,232,104,284,258
3302,6506,65054,225,134,276,277
3302,6506,65054,232,104,284,258
3302,6506,65056,225,134,276,277
3302,6506,65056,232,104,284,258
3302,6506,97460,225,134,276,277
3302,6506,97460,232,104,284,258
3302,16649,65050,880,764,1585,1376
3302,16649,65050,973,723,1678,1364
3302,16649,65051,880,764,1585,1376
3302,16649,65051,973,723,1678,1364
3302,16649,65052,880,764,1585,1376
3302,16649,65052,973,723,1678,1364
3302,16649,65054,880,764,1585,1376
3302,16649,65054,973,723,1678,1364
3302,16649,65056,880,764,1585,1376
3302,16649,65056,973,723,1678,1364
3302,16649,97460,880,764,1585,1376
3302,16649,97460,973,723,1678,1364
3302,11503,65050,213,147,330,215
3302,11503,65050,184,179,315,316
3302,11503,65051,213,147,330,215
3302,11503,65051,184,179,315,316
3302,11503,65052,213,147,330,215
3302,11503,65052,184,179,315,316
3302,11503,65054,213,147,330,215
3302,11503,65054,184,179,315,316
3302,11503,65056,213,147,330,215
3302,11503,65056,184,179,315,316
3302,11503,97460,213,147,330,215
3302,11503,97460,184,179,315,316
3302,13934,65050,186,331,522,481
3302,13934,65050,183,299,494,515
3302,13934,65051,186,331,522,481
3302,13934,65051,183,299,494,515
3302,13934,65052,186,331,522,481
3302,13934,65052,183,299,494,515
3302,13934,65054,186,331,522,481
3302,13934,65054,183,299,494,515
3302,13934,65056,186,331,522,481
3302,13934,65056,183,299,494,515
3302,13934,97460,186,331,522,481
3302,13934,97460,183,299,494,515
3302,9403,65050,298,222,667,474
3302,9403,65050,268,254,667,451
3302,9403,65051,298,222,667,474
3302,9403,65051,268,254,667,451
3302,9403,65052,298,222,667,474
3302,9403,65052,268,254,667,451
3302,9403,65054,298,222,667,474
3302,9403,65054,268,254,667,451
3302,9403,65056,298,222,667,474
3302,9403,65056,268,254,667,451
3302,9403,97460,298,222,667,474
3302,9403,97460,268,254,667,451
3302,12782,65050,410,496,1552,170
3302,12782,65050,339,575,1464,258
3302,12782,65051,410,496,1552,170
3302,12782,65051,339,575,1464,258
3302,12782,65052,410,496,1552,170
3302,12782,65052,339,575,1464,258
3302,12782,65054,410,496,1552,170
3302,12782,65054,339,575,1464,258
3302,12782,65056,410,496,1552,170
3302,12782,65056,339,575,1464,258
3302,12782,97460,410,496,1552,170
3302,12782,97460,339,575,1464,258
3302,2639,65050,803,1366,2419,2065
3302,2639,65050,639,1651,2445,2100
3302,2639,65051,803,1366,2419,2065
3302,2639,65051,639,1651,2445,2100
3302,2639,65052,803,1366,2419,2065
3302,2639,65052,639,1651,2445,2100
3302,2639,65054,803,1366,2419,2065
3302,2639,65054,639,1651,2445,2100
3302,2639,65056,803,1366,2419,2065
3302,2639,65056,639,1651,2445,2100
3302,2639,97460,803,1366,2419,2065
3302,2639,97460,639,1651,2445,2100
4331,18369,62357,871,256,845,300
4331,18369,62357,650,261,876,200
4331,18369,62359,871,256,845,300
4331,18369,62359,650,261,876,200
4331,18369,62361,871,256,845,300
4331,18369,62361,650,261,876,200
4331,18369,62363,871,256,845,300
4331,18369,62363,650,261,876,200
1259,4853,75726,316,235,428,511
1259,4853,75727,316,235,428,511
1259,4853,75728,316,235,428,511
1259,4853,75729,316,235,428,511
1778,556,64508,631,1180,2065,1181
1778,556,64508,477,1503,1936,1446
1778,556,64509,631,1180,2065,1181
1778,556,64509,477,1503,1936,1446
1778,556,64510,631,1180,2065,1181
1778,556,64510,477,1503,1936,1446
1778,556,64511,631,1180,2065,1181
1778,556,64511,477,1503,1936,1446
1778,556,64512,631,1180,2065,1181
1778,556,64512,477,1503,1936,1446
1778,13961,64508,730,495,1710,815
1778,13961,64508,710,525,1735,810
1778,13961,64509,730,495,1710,815
1778,13961,64509,710,525,1735,810
1778,13961,64510,730,495,1710,815
1778,13961,64510,710,525,1735,810
1778,13961,64511,730,495,1710,815
1778,13961,64511,710,525,1735,810
1778,13961,64512,730,495,1710,815
1778,13961,64512,710,525,1735,810
2300,1712,58514,284,929,1271,1092
2300,1712,58514,307,867,1309,1030
2300,1712,58515,284,929,1271,1092
2300,1712,58515,307,867,1309,1030
2300,1712,58516,284,929,1271,1092
2300,1712,58516,307,867,1309,1030
2300,1712,58517,284,929,1271,1092
2300,1712,58517,307,867,1309,1030
3327,6329,79091,1959,951,1544,1475
3327,6329,79091,2112,658,1579,1486
3327,6329,79093,1959,951,1544,1475
3327,6329,79093,2112,658,1579,1486
3327,6329,79095,1959,951,1544,1475
3327,6329,79095,2112,658,1579,1486
3327,6329,79096,1959,951,1544,1475
3327,6329,79096,2112,658,1579,1486
1805,7040,19098,158,236,322,192
1805,7040,19099,158,236,322,192
1805,7040,19100,158,236,322,192
1805,7040,19101,158,236,322,192
1805,330495,19098,891,461,1212,1114
1805,330495,19099,891,461,1212,1114
1805,330495,19100,891,461,1212,1114
1805,330495,19101,891,461,1212,1114
782,4627,26102,751,443,1569,733
782,4627,26102,723,471,1243,1050
782,4627,26103,751,443,1569,733
782,4627,26103,723,471,1243,1050
782,4627,26104,751,443,1569,733
782,4627,26104,723,471,1243,1050
782,4627,26105,751,443,1569,733
782,4627,26105,723,471,1243,1050
782,4627,26106,751,443,1569,733
782,4627,26106,723,471,1243,1050
782,5146,26102,663,196,611,281
782,5146,26102,163,198,604,234
782,5146,26102,675,169,599,286
782,5146,26102,168,159,575,244
782,5146,26103,663,196,611,281
782,5146,26103,163,198,604,234
782,5146,26103,675,169,599,286
782,5146,26103,168,159,575,244
782,5146,26104,663,196,611,281
782,5146,26104,163,198,604,234
782,5146,26104,675,169,599,286
782,5146,26104,168,159,575,244
782,5146,26105,663,196,611,281
782,5146,26105,163,198,604,234
782,5146,26105,675,169,599,286
782,5146,26105,168,159,575,244
782,5146,26106,663,196,611,281
782,5146,26106,163,198,604,234
782,5146,26106,675,169,599,286
782,5146,26106,168,159,575,244
782,5802,26102,62,206,276,284
782,5802,26102,79,174,291,279
782,5802,26103,62,206,276,284
782,5802,26103,79,174,291,279
782,5802,26104,62,206,276,284
782,5802,26104,79,174,291,279
782,5802,26105,62,206,276,284
782,5802,26105,79,174,291,279
782,5802,26106,62,206,276,284
782,5802,26106,79,174,291,279
2830,12842,89405,104,95,343,91
2830,12842,89405,88,123,343,111
2830,12842,89406,104,95,343,91
2830,12842,89406,88,123,343,111
2830,12842,89407,104,95,343,91
2830,12842,89407,88,123,343,111
2830,12842,89408,104,95,343,91
2830,12842,89408,88,123,343,111
4881,55,48175,319,294,562,503
4881,55,48175,345,246,593,472
4881,55,48176,319,294,562,503
4881,55,48176,345,246,593,472
4881,55,48177,319,294,562,503
4881,55,48177,345,246,593,472
4881,55,48178,319,294,562,503
4881,55,48178,345,246,593,472
793,7590,81216,310,83,921,209
793,7590,81216,391,166,591,533
793,7590,81216,204,374,578,553
793,7590,81216,278,100,586,187
793,7590,81217,310,83,921,209
793,7590,81217,391,166,591,533
793,7590,81217,204,374,578,553
793,7590,81217,278,100,586,187
793,7590,81218,310,83,921,209
793,7590,81218,391,166,591,533
793,7590,81218,204,374,578,553
793,7590,81218,278,100,586,187
793,7590,81219,310,83,921,209
793,7590,81219,391,166,591,533
793,7590,81219,204,374,578,553
793,7590,81219,278,100,586,187
793,7590,81220,310,83,921,209
793,7590,81220,391,166,591,533
793,7590,81220,204,374,578,553
793,7590,81220,278,100,586,187
2846,15356,18941,190,180,319,302
2846,15356,18941,267,2,340,2
2846,15356,18942,190,180,319,302
2846,15356,18942,267,2,340,2
2846,15356,18943,190,180,319,302
2846,15356,18943,267,2,340,2
2846,15356,18944,190,180,319,302
2846,15356,18944,267,2,340,2
2846,11259,18941,332,320,1001,656
2846,11259,18942,332,320,1001,656
2846,11259,18943,332,320,1001,656
2846,11259,18944,332,320,1001,656
2846,6004,18941,490,593,1309,454
2846,6004,18942,490,593,1309,454
2846,6004,18943,490,593,1309,454
2846,6004,18944,490,593,1309,454
2846,6109,18941,198,798,1078,1355
2846,6109,18942,198,798,1078,1355
2846,6109,18943,198,798,1078,1355
2846,6109,18944,198,798,1078,1355
2846,760,18941,1019,441,1273,608
2846,760,18942,1019,441,1273,608
2846,760,18943,1019,441,1273,608
2846,760,18944,1019,441,1273,608
2846,1143,18941,763,1026,2016,1120
2846,1143,18942,763,1026,2016,1120
2846,1143,18943,763,1026,2016,1120
2846,1143,18944,763,1026,2016,1120
3871,15696,21415,160,283,277,250
3871,15696,21415,127,325,257,261
3871,15696,21416,160,283,277,250
3871,15696,21416,127,325,257,261
3871,15696,21417,160,283,277,250
3871,15696,21417,127,325,257,261
3871,15696,21418,160,283,277,250
3871,15696,21418,127,325,257,261
3871,15696,21419,160,283,277,250
3871,15696,21419,127,325,257,261
3871,10251,21415,170,168,312,264
3871,10251,21415,168,158,302,288
3871,10251,21416,170,168,312,264
3871,10251,21416,168,158,302,288
3871,10251,21417,170,168,312,264
3871,10251,21417,168,158,302,288
3871,10251,21418,170,168,312,264
3871,10251,21418,168,158,302,288
3871,10251,21419,170,168,312,264
3871,10251,21419,168,158,302,288
3871,4937,21415,156,540,521,615
3871,4937,21415,204,460,495,656
3871,4937,21416,156,540,521,615
3871,4937,21416,204,460,495,656
3871,4937,21417,156,540,521,615
3871,4937,21417,204,460,495,656
3871,4937,21418,156,540,521,615
3871,4937,21418,204,460,495,656
3871,4937,21419,156,540,521,615
3871,4937,21419,204,460,495,656
4384,12215,20800,794,630,633,956
4384,12215,20800,858,478,643,942
4384,12215,20801,794,630,633,956
4384,12215,20801,858,478,643,942
4384,12215,20802,794,630,633,956
4384,12215,20802,858,478,643,942
4384,12215,20803,794,630,633,956
4384,12215,20803,858,478,643,942
4897,8927,32261,154,143,260,334
4897,8927,32261,145,140,256,335
4897,8927,32262,154,143,260,334
4897,8927,32262,145,140,256,335
4897,8927,32263,154,143,260,334
4897,8927,32263,145,140,256,335
4897,8927,32264,154,143,260,334
4897,8927,32264,145,140,256,335
799,12117,89297,249,396,545,546
799,12117,89297,321,355,660,435
799,12117,89298,249,396,545,546
799,12117,89298,321,355,660,435
799,12117,89299,249,396,545,546
799,12117,89299,321,355,660,435
799,12117,89300,249,396,545,546
799,12117,89300,321,355,660,435
799,12117,98070,249,396,545,546
799,12117,98070,321,355,660,435
804,2470,20960,1267,1037,3091,2132
804,2470,20960,1228,1124,3062,2189
804,2470,20961,1267,1037,3091,2132
804,2470,20961,1228,1124,3062,2189
804,2470,20962,1267,1037,3091,2132
804,2470,20962,1228,1124,3062,2189
804,2470,20963,1267,1037,3091,2132
804,2470,20963,1228,1124,3062,2189
804,2470,97508,1267,1037,3091,2132
804,2470,97508,1228,1124,3062,2189
804,98456,20960,1154,578,1661,1283
804,98456,20960,571,589,1725,1417
804,98456,20960,582,560,1754,1324
804,98456,20960,1130,618,1661,1388
804,98456,20961,1154,578,1661,1283
804,98456,20961,571,589,1725,1417
804,98456,20961,582,560,1754,1324
804,98456,20961,1130,618,1661,1388
804,98456,20962,1154,578,1661,1283
804,98456,20962,571,589,1725,1417
804,98456,20962,582,560,1754,1324
804,98456,20962,1130,618,1661,1388
804,98456,20963,1154,578,1661,1283
804,98456,20963,571,589,1725,1417
804,98456,20963,582,560,1754,1324
804,98456,20963,1130,618,1661,1388
804,98456,97508,1154,578,1661,1283
804,98456,97508,571,589,1725,1417
804,98456,97508,582,560,1754,1324
804,98456,97508,1130,618,1661,1388
804,8245,20960,219,266,673,450
804,8245,20960,186,290,665,466
804,8245,20961,219,266,673,450
804,8245,20961,186,290,665,466
804,8245,20962,219,266,673,450
804,8245,20962,186,290,665,466
804,8245,20963,219,266,673,450
804,8245,20963,186,290,665,466
804,8245,97508,219,266,673,450
804,8245,97508,186,290,665,466
804,3006,20960,262,663,1022,1126
804,3006,20960,360,475,1040,1092
804,3006,20960,1491,578,1057,1155
804,3006,20961,262,663,1022,1126
804,3006,20961,360,475,1040,1092
804,3006,20961,1491,578,1057,1155
804,3006,20962,262,663,1022,1126
804,3006,20962,360,475,1040,1092
804,3006,20962,1491,578,1057,1155
804,3006,20963,262,663,1022,1126
804,3006,20963,360,475,1040,1092
804,3006,20963,1491,578,1057,1155
804,3006,97508,262,663,1022,1126
804,3006,97508,360,475,1040,1092
804,3006,97508,1491,578,1057,1155
804,6405,20960,348,108,346,76
804,6405,20960,257,202,300,124
804,6405,20961,348,108,346,76
804,6405,20961,257,202,300,124
804,6405,20962,348,108,346,76
804,6405,20962,257,202,300,124
804,6405,20963,348,108,346,76
804,6405,20963,257,202,300,124
804,6405,97508,348,108,346,76
804,6405,97508,257,202,300,124
804,10246,20960,323,286,693,603
804,10246,20960,285,319,668,633
804,10246,20961,323,286,693,603
804,10246,20961,285,319,668,633
804,10246,20962,323,286,693,603
804,10246,20962,285,319,668,633
804,10246,20963,323,286,693,603
804,10246,20963,285,319,668,633
804,10246,97508,323,286,693,603
804,10246,97508,285,319,668,633
804,2829,20960,66,153,313,237
804,2829,20960,83,120,310,243
804,2829,20961,66,153,313,237
804,2829,20961,83,120,310,243
804,2829,20962,66,153,313,237
804,2829,20962,83,120,310,243
804,2829,20963,66,153,313,237
804,2829,20963,83,120,310,243
804,2829,97508,66,153,313,237
804,2829,97508,83,120,310,243
804,11660,20960,677,466,1510,599
804,11660,20960,677,512,1473,700
804,11660,20961,677,466,1510,599
804,11660,20961,677,512,1473,700
804,11660,20962,677,466,1510,599
804,11660,20962,677,512,1473,700
804,11660,20963,677,466,1510,599
804,11660,20963,677,512,1473,700
804,11660,97508,677,466,1510,599
804,11660,97508,677,512,1473,700
3364,13876,86729,967,525,1655,1102
3364,13876,86730,967,525,1655,1102
3364,13876,86731,967,525,1655,1102
3364,13876,86732,967,525,1655,1102
1318,13786,55688,378,697,1859,930
1318,13786,55688,312,813,1707,1061
1318,13786,55689,378,697,1859,930
1318,13786,55689,312,813,1707,1061
1318,13786,55690,378,697,1859,930
1318,13786,55690,312,813,1707,1061
1318,13786,55691,378,697,1859,930
1318,13786,55691,312,813,1707,1061
3885,7395,82128,270,87,196,85
3885,7395,82128,290,79,190,112
3885,7395,82129,270,87,196,85
3885,7395,82129,290,79,190,112
3885,7395,82130,270,87,196,85
3885,7395,82130,290,79,190,112
3885,7395,82131,270,87,196,85
3885,7395,82131,290,79,190,112
302,17487,39459,473,784,1690,787
302,17487,39459,469,809,1548,925
302,17487,39460,473,784,1690,787
302,17487,39460,469,809,1548,925
302,17487,39461,473,784,1690,787
302,17487,39461,469,809,1548,925
302,17487,39462,473,784,1690,787
302,17487,39462,469,809,1548,925
302,17487,39463,473,784,1690,787
302,17487,39463,469,809,1548,925
302,17203,39459,337,376,1187,1064
302,17203,39459,17,671,1162,1000
302,17203,39459,8,453,1239,995
302,17203,39460,337,376,1187,1064
302,17203,39460,17,671,1162,1000
302,17203,39460,8,453,1239,995
302,17203,39461,337,376,1187,1064
302,17203,39461,17,671,1162,1000
302,17203,39461,8,453,1239,995
302,17203,39462,337,376,1187,1064
302,17203,39462,17,671,1162,1000
302,17203,39462,8,453,1239,995
302,17203,39463,337,376,1187,1064
302,17203,39463,17,671,1162,1000
302,17203,39463,8,453,1239,995
302,5777,39459,1213,704,27,1014
302,5777,39459,1192,593,999,938
302,5777,39460,1213,704,27,1014
302,5777,39460,1192,593,999,938
302,5777,39461,1213,704,27,1014
302,5777,39461,1192,593,999,938
302,5777,39462,1213,704,27,1014
302,5777,39462,1192,593,999,938
302,5777,39463,1213,704,27,1014
302,5777,39463,1192,593,999,938
302,15030,39459,331,291,835,381
302,15030,39459,338,229,745,497
302,15030,39460,331,291,835,381
302,15030,39460,338,229,745,497
302,15030,39461,331,291,835,381
302,15030,39461,338,229,745,497
302,15030,39462,331,291,835,381
302,15030,39462,338,229,745,497
302,15030,39463,331,291,835,381
302,15030,39463,338,229,745,497
302,2636,39459,1459,1047,3571,1652
302,2636,39459,1478,1296,3254,1988
302,2636,39460,1459,1047,3571,1652
302,2636,39460,1478,1296,3254,1988
302,2636,39461,1459,1047,3571,1652
302,2636,39461,1478,1296,3254,1988
302,2636,39462,1459,1047,3571,1652
302,2636,39462,1478,1296,3254,1988
302,2636,39463,1459,1047,3571,1652
302,2636,39463,1478,1296,3254,1988
302,10051,39459,961,502,1060,1085
302,10051,39459,909,578,1037,1178
302,10051,39460,961,502,1060,1085
302,10051,39460,909,578,1037,1178
302,10051,39461,961,502,1060,1085
302,10051,39461,909,578,1037,1178
302,10051,39462,961,502,1060,1085
302,10051,39462,909,578,1037,1178
302,10051,39463,961,502,1060,1085
302,10051,39463,909,578,1037,1178
3893,3682,21087,915,863,891,2262
3893,3682,21087,920,881,920,1836
3893,3682,21088,915,863,891,2262
3893,3682,21088,920,881,920,1836
3893,3682,21089,915,863,891,2262
3893,3682,21089,920,881,920,1836
3893,12236,21087,280,186,130,629
3893,12236,21087,303,159,144,651
3893,12236,21088,280,186,130,629
3893,12236,21088,303,159,144,651
3893,12236,21089,280,186,130,629
3893,12236,21089,303,159,144,651
3893,2261,21087,665,509,855,1010
3893,2261,21087,709,432,1071,805
3893,2261,21088,665,509,855,1010
3893,2261,21088,709,432,1071,805
3893,2261,21089,665,509,855,1010
3893,2261,21089,709,432,1071,805
3893,14559,21087,445,610,738,1217
3893,14559,21087,495,461,746,771
3893,14559,21088,445,610,738,1217
3893,14559,21088,495,461,746,771
3893,14559,21089,445,610,738,1217
3893,14559,21089,495,461,746,771
3893,11489,21087,858,742,1541,1349
3893,11489,21087,1051,392,1534,1266
3893,11489,21087,1051,7,1499,21
3893,11489,21088,858,742,1541,1349
3893,11489,21088,1051,392,1534,1266
3893,11489,21088,1051,7,1499,21
3893,11489,21089,858,742,1541,1349
3893,11489,21089,1051,392,1534,1266
3893,11489,21089,1051,7,1499,21
319,8504,49986,156,165,265,345
319,8504,49987,156,165,265,345
319,8504,49988,156,165,265,345
319,8504,49989,156,165,265,345
319,6864,49986,184,174,530,476
319,6864,49986,206,270,506,518
319,6864,49986,338,156,516,504
319,6864,49987,184,174,530,476
319,6864,49987,206,270,506,518
319,6864,49987,338,156,516,504
319,6864,49988,184,174,530,476
319,6864,49988,206,270,506,518
319,6864,49988,338,156,516,504
319,6864,49989,184,174,530,476
319,6864,49989,206,270,506,518
319,6864,49989,338,156,516,504
2887,11538,86570,226,150,447,93
2887,11538,86570,219,187,438,102
2887,11538,86571,226,150,447,93
2887,11538,86571,219,187,438,102
2887,11538,86572,226,150,447,93
2887,11538,86572,219,187,438,102
2887,11538,86573,226,150,447,93
2887,11538,86573,219,187,438,102
3406,11846,50041,591,700,1210,1515
3406,11846,50041,618,602,1172,1542
3406,11846,50042,591,700,1210,1515
3406,11846,50042,618,602,1172,1542
3406,11846,50043,591,700,1210,1515
3406,11846,50043,618,602,1172,1542
3406,11846,50044,591,700,1210,1515
3406,11846,50044,618,602,1172,1542
3406,11846,98044,591,700,1210,1515
3406,11846,98044,618,602,1172,1542
2391,10109,18937,278,320,601,565
2391,10109,18938,278,320,601,565
2391,10109,18939,278,320,601,565
2391,10109,18940,278,320,601,565
1368,12845,53013,55,146,221,312
1368,12845,53013,42,199,222,317
1368,12845,53014,55,146,221,312
1368,12845,53014,42,199,222,317
1368,12845,53015,55,146,221,312
1368,12845,53015,42,199,222,317
1368,12845,53016,55,146,221,312
1368,12845,53016,42,199,222,317
4442,4109,39034,166,218,384,437
4442,4109,39034,160,231,409,394
4442,4109,39035,166,218,384,437
4442,4109,39035,160,231,409,394
4442,4109,39036,166,218,384,437
4442,4109,39036,160,231,409,394
4442,4109,39037,166,218,384,437
4442,4109,39037,160,231,409,394
4442,12695,39034,1083,802,1643,1862
4442,12695,39034,982,839,1477,2108
4442,12695,39035,1083,802,1643,1862
4442,12695,39035,982,839,1477,2108
4442,12695,39036,1083,802,1643,1862
4442,12695,39036,982,839,1477,2108
4442,12695,39037,1083,802,1643,1862
4442,12695,39037,982,839,1477,2108
4442,13659,39034,147,153,257,290
4442,13659,39034,136,171,247,296
4442,13659,39035,147,153,257,290
4442,13659,39035,136,171,247,296
4442,13659,39036,147,153,257,290
4442,13659,39036,136,171,247,296
4442,13659,39037,147,153,257,290
4442,13659,39037,136,171,247,296
2401,484,64744,93,174,258,335
2401,484,64745,93,174,258,335
2401,484,64746,93,174,258,335
2401,484,64747,93,174,258,335
3425,6194,80415,705,1003,2284,962
3425,6194,80415,582,1108,2069,1160
3425,6194,80416,705,1003,2284,962
3425,6194,80416,582,1108,2069,1160
3425,6194,80417,705,1003,2284,962
3425,6194,80417,582,1108,2069,1160
4964,13612,86641,128,138,242,341
4964,13612,86641,128,142,235,354
4964,13612,86642,128,138,242,341
4964,13612,86642,128,142,235,354
4964,13612,86643,128,138,242,341
4964,13612,86643,128,142,235,354
4964,13612,86644,128,138,242,341
4964,13612,86644,128,142,235,354
358,15109,88199,202,319,417,450
358,15109,88199,250,205,462,392
358,15109,88200,202,319,417,450
358,15109,88200,250,205,462,392
358,15109,88201,202,319,417,450
358,15109,88201,250,205,462,392
358,15109,88202,202,319,417,450
358,15109,88202,250,205,462,392
879,12810,86363,372,128,364,408
879,12810,86363,355,171,191,552
879,12810,86364,372,128,364,408
879,12810,86364,355,171,191,552
879,12810,86365,372,128,364,408
879,12810,86365,355,171,191,552
4467,11287,85317,1183,816,2179,665
4467,11287,85318,1183,816,2179,665
4467,11287,85319,1183,816,2179,665
4467,11287,85320,1183,816,2179,665
3959,98767,18953,94,1446,2270,305
3959,98767,18954,94,1446,2270,305
3959,98767,18955,94,1446,2270,305
3959,98767,18956,94,1446,2270,305
2938,669,64911,827,904,786,1440
2938,669,64911,868,793,775,1405
2938,669,64912,827,904,786,1440
2938,669,64912,868,793,775,1405
2938,669,64913,827,904,786,1440
2938,669,64913,868,793,775,1405
2938,669,64914,827,904,786,1440
2938,669,64914,868,793,775,1405
2938,2593,64911,162,161,130,270
2938,2593,64911,180,150,133,262
2938,2593,64912,162,161,130,270
2938,2593,64912,180,150,133,262
2938,2593,64913,162,161,130,270
2938,2593,64913,180,150,133,262
2938,2593,64914,162,161,130,270
2938,2593,64914,180,150,133,262
2938,18527,64911,484,277,778,475
2938,18527,64911,453,348,761,509
2938,18527,64912,484,277,778,475
2938,18527,64912,453,348,761,509
2938,18527,64913,484,277,778,475
2938,18527,64913,453,348,761,509
2938,18527,64914,484,277,778,475
2938,18527,64914,453,348,761,509
1407,5222,75820,1140,540,1305,1595
1407,5222,75820,660,460,1335,1600
1407,5222,75820,590,1095,1275,1595
1407,5222,75821,1140,540,1305,1595
1407,5222,75821,660,460,1335,1600
1407,5222,75821,590,1095,1275,1595
1407,5222,75822,1140,540,1305,1595
1407,5222,75822,660,460,1335,1600
1407,5222,75822,590,1095,1275,1595
1407,5222,75823,1140,540,1305,1595
1407,5222,75823,660,460,1335,1600
1407,5222,75823,590,1095,1275,1595
1407,5222,75824,1140,540,1305,1595
1407,5222,75824,660,460,1335,1600
1407,5222,75824,590,1095,1275,1595
2431,12418,19159,253,191,897,976
2431,12418,19159,424,200,867,1024
2431,12418,19159,1545,347,14,274
2431,12418,19159,1111,352,0,313
2431,12418,19160,253,191,897,976
2431,12418,19160,424,200,867,1024
2431,12418,19160,1545,347,14,274
2431,12418,19160,1111,352,0,313
2431,12418,19161,253,191,897,976
2431,12418,19161,424,200,867,1024
2431,12418,19161,1545,347,14,274
2431,12418,19161,1111,352,0,313
2431,12418,19162,253,191,897,976
2431,12418,19162,424,200,867,1024
2431,12418,19162,1545,347,14,274
2431,12418,19162,1111,352,0,313
2431,12418,19163,253,191,897,976
2431,12418,19163,424,200,867,1024
2431,12418,19163,1545,347,14,274
2431,12418,19163,1111,352,0,313
2431,691,19159,281,147,568,333
2431,691,19160,281,147,568,333
2431,691,19161,281,147,568,333
2431,691,19162,281,147,568,333
2431,691,19163,281,147,568,333
2431,5705,19159,201,556,1416,1157
2431,5705,19160,201,556,1416,1157
2431,5705,19161,201,556,1416,1157
2431,5705,19162,201,556,1416,1157
2431,5705,19163,201,556,1416,1157
2431,17253,19159,605,13,1396,6
2431,17253,19159,418,224,795,596
2431,17253,19160,605,13,1396,6
2431,17253,19160,418,224,795,596
2431,17253,19161,605,13,1396,6
2431,17253,19161,418,224,795,596
2431,17253,19162,605,13,1396,6
2431,17253,19162,418,224,795,596
2431,17253,19163,605,13,1396,6
2431,17253,19163,418,224,795,596
2431,590,19159,267,162,571,304
2431,590,19160,267,162,571,304
2431,590,19161,267,162,571,304
2431,590,19162,267,162,571,304
2431,590,19163,267,162,571,304
2431,615,19159,902,268,1551,471
2431,615,19160,902,268,1551,471
2431,615,19161,902,268,1551,471
2431,615,19162,902,268,1551,471
2431,615,19163,902,268,1551,471
2431,2197,19159,1603,425,1027,1106
2431,2197,19160,1603,425,1027,1106
2431,2197,19161,1603,425,1027,1106
2431,2197,19162,1603,425,1027,1106
2431,2197,19163,1603,425,1027,1106
2431,6141,19159,94,1216,1219,1026
2431,6141,19160,94,1216,1219,1026
2431,6141,19161,94,1216,1219,1026
2431,6141,19162,94,1216,1219,1026
2431,6141,19163,94,1216,1219,1026
2431,17439,19159,213,349,1847,1170
2431,17439,19159,531,370,1790,1259
2431,17439,19160,213,349,1847,1170
2431,17439,19160,531,370,1790,1259
2431,17439,19161,213,349,1847,1170
2431,17439,19161,531,370,1790,1259
2431,17439,19162,213,349,1847,1170
2431,17439,19162,531,370,1790,1259
2431,17439,19163,213,349,1847,1170
2431,17439,19163,531,370,1790,1259
2431,3530,19159,727,706,1259,1021
2431,3530,19160,727,706,1259,1021
2431,3530,19161,727,706,1259,1021
2431,3530,19162,727,706,1259,1021
2431,3530,19163,727,706,1259,1021
2431,11085,19159,1016,754,1370,1379
2431,11085,19160,1016,754,1370,1379
2431,11085,19161,1016,754,1370,1379
2431,11085,19162,1016,754,1370,1379
2431,11085,19163,1016,754,1370,1379
2431,266,19159,248,135,595,325
2431,266,19160,248,135,595,325
2431,266,19161,248,135,595,325
2431,266,19162,248,135,595,325
2431,266,19163,248,135,595,325
2431,13342,19159,435,545,1490,1045
2431,13342,19160,435,545,1490,1045
2431,13342,19161,435,545,1490,1045
2431,13342,19162,435,545,1490,1045
2431,13342,19163,435,545,1490,1045
2431,7367,19159,32,141,269,311
2431,7367,19159,251,136,272,317
2431,7367,19160,32,141,269,311
2431,7367,19160,251,136,272,317
2431,7367,19161,32,141,269,311
2431,7367,19161,251,136,272,317
2431,7367,19162,32,141,269,311
2431,7367,19162,251,136,272,317
2431,7367,19163,32,141,269,311
2431,7367,19163,251,136,272,317
2431,4356,19159,280,110,312,241
2431,4356,19160,280,110,312,241
2431,4356,19161,280,110,312,241
2431,4356,19162,280,110,312,241
2431,4356,19163,280,110,312,241
2431,3226,19159,196,118,274,253
2431,3226,19160,196,118,274,253
2431,3226,19161,196,118,274,253
2431,3226,19162,196,118,274,253
2431,3226,19163,196,118,274,253
2431,9230,19159,137,243,278,301
2431,9230,19160,137,243,278,301
2431,9230,19161,137,243,278,301
2431,9230,19162,137,243,278,301
2431,9230,19163,137,243,278,301
2431,9776,19159,1027,519,870,1134
2431,9776,19160,1027,519,870,1134
2431,9776,19161,1027,519,870,1134
2431,9776,19162,1027,519,870,1134
2431,9776,19163,1027,519,870,1134
2431,16220,19159,209,337,218,308
2431,16220,19160,209,337,218,308
2431,16220,19161,209,337,218,308
2431,16220,19162,209,337,218,308
2431,16220,19163,209,337,218,308
1922,98744,19109,107.0,147.0,289.0,270.0
1922,98744,19109,99,206,283,278
1922,98744,19109,180.0,79.0,274.0,262.0
1922,98744,19109,109.0,145.0,285.0,271.0
1922,98744,19109,115.0,104.0,289.0,267.0
1922,98744,19110,107.0,147.0,289.0,270.0
1922,98744,19110,99,206,283,278
1922,98744,19110,180.0,79.0,274.0,262.0
1922,98744,19110,109.0,145.0,285.0,271.0
1922,98744,19110,115.0,104.0,289.0,267.0
1922,98744,19111,107.0,147.0,289.0,270.0
1922,98744,19111,99,206,283,278
1922,98744,19111,180.0,79.0,274.0,262.0
1922,98744,19111,109.0,145.0,285.0,271.0
1922,98744,19111,115.0,104.0,289.0,267.0
1922,98744,19112,107.0,147.0,289.0,270.0
1922,98744,19112,99,206,283,278
1922,98744,19112,180.0,79.0,274.0,262.0
1922,98744,19112,109.0,145.0,285.0,271.0
1922,98744,19112,115.0,104.0,289.0,267.0
900,14165,41168,785,794,1251,1146
900,14165,41168,849,671,1222,1206
900,14165,41169,785,794,1251,1146
900,14165,41169,849,671,1222,1206
900,14165,41170,785,794,1251,1146
900,14165,41170,849,671,1222,1206
900,14165,41172,785,794,1251,1146
900,14165,41172,849,671,1222,1206
2441,13757,64248,82,354,335,271
2441,13757,64248,96,315,356,239
2441,13757,64249,82,354,335,271
2441,13757,64249,96,315,356,239
2441,13757,64250,82,354,335,271
2441,13757,64250,96,315,356,239
2441,13757,64251,82,354,335,271
2441,13757,64251,96,315,356,239
2441,18262,64248,1193,378,783,1024
2441,18262,64248,1087,591,751,1001
2441,18262,64248,271,397,935,945
2441,18262,64248,198,489,875,982
2441,18262,64249,1193,378,783,1024
2441,18262,64249,1087,591,751,1001
2441,18262,64249,271,397,935,945
2441,18262,64249,198,489,875,982
2441,18262,64250,1193,378,783,1024
2441,18262,64250,1087,591,751,1001
2441,18262,64250,271,397,935,945
2441,18262,64250,198,489,875,982
2441,18262,64251,1193,378,783,1024
2441,18262,64251,1087,591,751,1001
2441,18262,64251,271,397,935,945
2441,18262,64251,198,489,875,982
5008,18010,89038,202,229,667,383
5008,18010,89038,234,211,675,426
5008,18010,89039,202,229,667,383
5008,18010,89039,234,211,675,426
5008,18010,89040,202,229,667,383
5008,18010,89040,234,211,675,426
5008,18010,89041,202,229,667,383
5008,18010,89041,234,211,675,426
5014,9085,19142,77,189,190,414
5014,9085,19143,77,189,190,414
5014,9085,19144,77,189,190,414
5014,9085,19145,77,189,190,414
5014,1153,19142,243,191,483,346
5014,1153,19143,243,191,483,346
5014,1153,19144,243,191,483,346
5014,1153,19145,243,191,483,346
5014,13072,19142,65,189,476,164
5014,13072,19142,371,235,336,282
5014,13072,19143,65,189,476,164
5014,13072,19143,371,235,336,282
5014,13072,19144,65,189,476,164
5014,13072,19144,371,235,336,282
5014,13072,19145,65,189,476,164
5014,13072,19145,371,235,336,282
5014,14041,19142,652,589,1801,1015
5014,14041,19143,652,589,1801,1015
5014,14041,19144,652,589,1801,1015
5014,14041,19145,652,589,1801,1015
5014,6048,19142,891,1259,1999,1038
5014,6048,19143,891,1259,1999,1038
5014,6048,19144,891,1259,1999,1038
5014,6048,19145,891,1259,1999,1038
5014,706,19142,746,706,1433,1510
5014,706,19143,746,706,1433,1510
5014,706,19144,746,706,1433,1510
5014,706,19145,746,706,1433,1510
5014,98797,19142,856,624,1393,1394
5014,98797,19143,856,624,1393,1394
5014,98797,19144,856,624,1393,1394
5014,98797,19145,856,624,1393,1394
5014,98704,19142,824,478,941,1005
5014,98704,19143,824,478,941,1005
5014,98704,19144,824,478,941,1005
5014,98704,19145,824,478,941,1005
5016,5966,79986,1176,727,1848,1150
5016,5966,79986,1147,831,1703,1259
5016,5966,79987,1176,727,1848,1150
5016,5966,79987,1147,831,1703,1259
5016,5966,79988,1176,727,1848,1150
5016,5966,79988,1147,831,1703,1259
5016,5966,79989,1176,727,1848,1150
5016,5966,79989,1147,831,1703,1259
5530,15862,24935,1733,350,1251,747
5530,15862,24936,1733,350,1251,747
5530,15862,24937,1733,350,1251,747
5530,15862,24938,1733,350,1251,747
5530,12433,24935,898,321,1070,640
5530,12433,24936,898,321,1070,640
5530,12433,24937,898,321,1070,640
5530,12433,24938,898,321,1070,640
5530,5987,24935,363,534,1120,765
5530,5987,24936,363,534,1120,765
5530,5987,24937,363,534,1120,765
5530,5987,24938,363,534,1120,765
5530,4964,24935,1025,648,2235,1503
5530,4964,24936,1025,648,2235,1503
5530,4964,24937,1025,648,2235,1503
5530,4964,24938,1025,648,2235,1503
4507,330003,18957,1025,952,2628,1717
4507,330003,18958,1025,952,2628,1717
4507,330003,18959,1025,952,2628,1717
4507,330003,18960,1025,952,2628,1717
3484,1785,59067,1168,935,1249,3030
3484,1785,59067,1119,895,2006,2265
3484,1785,59069,1168,935,1249,3030
3484,1785,59069,1119,895,2006,2265
3484,1785,59070,1168,935,1249,3030
3484,1785,59070,1119,895,2006,2265
3484,1785,59071,1168,935,1249,3030
3484,1785,59071,1119,895,2006,2265
4000,8401,70847,665,825,1405,1390
4000,8401,70847,710,635,1355,1190
4000,8401,70848,665,825,1405,1390
4000,8401,70848,710,635,1355,1190
4000,8401,70849,665,825,1405,1390
4000,8401,70849,710,635,1355,1190
4000,8401,70850,665,825,1405,1390
4000,8401,70850,710,635,1355,1190
4000,8401,70851,665,825,1405,1390
4000,8401,70851,710,635,1355,1190
4000,8401,97569,665,825,1405,1390
4000,8401,97569,710,635,1355,1190
4000,2629,70847,1226,847,2833,1711
4000,2629,70847,1149,1055,2747,1772
4000,2629,70848,1226,847,2833,1711
4000,2629,70848,1149,1055,2747,1772
4000,2629,70849,1226,847,2833,1711
4000,2629,70849,1149,1055,2747,1772
4000,2629,70850,1226,847,2833,1711
4000,2629,70850,1149,1055,2747,1772
4000,2629,70851,1226,847,2833,1711
4000,2629,70851,1149,1055,2747,1772
4000,2629,97569,1226,847,2833,1711
4000,2629,97569,1149,1055,2747,1772
2977,16263,86898,283,105,475,379
2977,16263,86898,254,236,457,390
2977,16263,86898,389,94,479,379
2977,16263,86899,283,105,475,379
2977,16263,86899,254,236,457,390
2977,16263,86899,389,94,479,379
2977,16263,86901,283,105,475,379
2977,16263,86901,254,236,457,390
2977,16263,86901,389,94,479,379
2977,16263,86903,283,105,475,379
2977,16263,86903,254,236,457,390
2977,16263,86903,389,94,479,379
4514,8121,81016,191,348,565,598
4514,8121,81016,184,342,545,609
4514,8121,81017,191,348,565,598
4514,8121,81017,184,342,545,609
4514,8121,81018,191,348,565,598
4514,8121,81018,184,342,545,609
4514,8121,81019,191,348,565,598
4514,8121,81019,184,342,545,609
4003,273,52022,351,137,244,330
4003,273,52022,359,132,278,261
4003,273,52022,34,156,291,270
4003,273,52022,34,158,301,248
4003,273,52023,351,137,244,330
4003,273,52023,359,132,278,261
4003,273,52023,34,156,291,270
4003,273,52023,34,158,301,248
4003,273,52024,351,137,244,330
4003,273,52024,359,132,278,261
4003,273,52024,34,156,291,270
4003,273,52024,34,158,301,248
4003,273,52025,351,137,244,330
4003,273,52025,359,132,278,261
4003,273,52025,34,156,291,270
4003,273,52025,34,158,301,248
4003,15965,52022,581,434,866,670
4003,15965,52022,597,478,921,615
4003,15965,52023,581,434,866,670
4003,15965,52023,597,478,921,615
4003,15965,52024,581,434,866,670
4003,15965,52024,597,478,921,615
4003,15965,52025,581,434,866,670
4003,15965,52025,597,478,921,615
4003,18156,52022,425,1364,1521,1458
4003,18156,52022,687,863,1439,1533
4003,18156,52023,425,1364,1521,1458
4003,18156,52023,687,863,1439,1533
4003,18156,52024,425,1364,1521,1458
4003,18156,52024,687,863,1439,1533
4003,18156,52025,425,1364,1521,1458
4003,18156,52025,687,863,1439,1533
3494,5625,77608,734,735,1527,921
3494,5625,77608,664,840,1503,945
3494,5625,77609,734,735,1527,921
3494,5625,77609,664,840,1503,945
3494,5625,77610,734,735,1527,921
3494,5625,77610,664,840,1503,945
5543,98655,32970,433,158,537,279
5543,98655,32970,392,210,518,293
5543,98655,32971,433,158,537,279
5543,98655,32971,392,210,518,293
5543,98655,32972,433,158,537,279
5543,98655,32972,392,210,518,293
5543,98655,32973,433,158,537,279
5543,98655,32973,392,210,518,293
5543,13547,32970,113,217,234,376
5543,13547,32970,116,211,233,372
5543,13547,32971,113,217,234,376
5543,13547,32971,116,211,233,372
5543,13547,32972,113,217,234,376
5543,13547,32972,116,211,233,372
5543,13547,32973,113,217,234,376
5543,13547,32973,116,211,233,372
5543,11282,32970,932,881,693,2460
5543,11282,32970,1014,863,1264,1825
5543,11282,32971,932,881,693,2460
5543,11282,32971,1014,863,1264,1825
5543,11282,32972,932,881,693,2460
5543,11282,32972,1014,863,1264,1825
5543,11282,32973,932,881,693,2460
5543,11282,32973,1014,863,1264,1825
938,13322,51483,10,722,1442,1683
938,13322,51484,10,722,1442,1683
938,13322,51485,10,722,1442,1683
938,13322,51486,10,722,1442,1683
4524,6802,32915,163,266,278,518
4524,6802,32915,155,248,361,410
4524,6802,32916,163,266,278,518
4524,6802,32916,155,248,361,410
4524,6802,32917,163,266,278,518
4524,6802,32917,155,248,361,410
4524,6802,32918,163,266,278,518
4524,6802,32918,155,248,361,410
1969,18670,54200,723,638,1371,1156
1969,18670,54200,803,508,1351,1171
1969,18670,54201,723,638,1371,1156
1969,18670,54201,803,508,1351,1171
1969,18670,54202,723,638,1371,1156
1969,18670,54202,803,508,1351,1171
1969,18670,54203,723,638,1371,1156
1969,18670,54203,803,508,1351,1171
1969,14513,54200,270,870,1405,1050
1969,14513,54200,370,790,1425,1060
1969,14513,54201,270,870,1405,1050
1969,14513,54201,370,790,1425,1060
1969,14513,54202,270,870,1405,1050
1969,14513,54202,370,790,1425,1060
1969,14513,54203,270,870,1405,1050
1969,14513,54203,370,790,1425,1060
3506,10031,38315,72,232,319,293
3506,10031,38315,77,215,322,297
3506,10031,38316,72,232,319,293
3506,10031,38316,77,215,322,297
3506,10031,38317,72,232,319,293
3506,10031,38317,77,215,322,297
3506,10031,38318,72,232,319,293
3506,10031,38318,77,215,322,297
4019,1139,423368,408,390,744,870
4019,1139,423370,408,390,744,870
4019,1139,423372,408,390,744,870
4019,1139,423374,408,390,744,870
4019,3055,423368,1171,612,1626,1289
4019,3055,423370,1171,612,1626,1289
4019,3055,423372,1171,612,1626,1289
4019,3055,423374,1171,612,1626,1289
4019,16972,423368,775,752,1521,1102
4019,16972,423370,775,752,1521,1102
4019,16972,423372,775,752,1521,1102
4019,16972,423374,775,752,1521,1102
4019,18301,423368,211,157,431,209
4019,18301,423370,211,157,431,209
4019,18301,423372,211,157,431,209
4019,18301,423374,211,157,431,209
4019,4969,423368,126,193,704,298
4019,4969,423370,126,193,704,298
4019,4969,423372,126,193,704,298
4019,4969,423374,126,193,704,298
4019,329829,423368,1008,473,1987,840
4019,329829,423370,1008,473,1987,840
4019,329829,423372,1008,473,1987,840
4019,329829,423374,1008,473,1987,840
4019,234,423368,769,690,1664,1137
4019,234,423370,769,690,1664,1137
4019,234,423372,769,690,1664,1137
4019,234,423374,769,690,1664,1137
4019,17488,423368,395,225,876,570
4019,17488,423368,607,237,861,587
4019,17488,423370,395,225,876,570
4019,17488,423370,607,237,861,587
4019,17488,423372,395,225,876,570
4019,17488,423372,607,237,861,587
4019,17488,423374,395,225,876,570
4019,17488,423374,607,237,861,587
4019,2943,423368,277,526,753,727
4019,2943,423370,277,526,753,727
4019,2943,423372,277,526,753,727
4019,2943,423374,277,526,753,727
4019,17389,423368,172,350,481,325
4019,17389,423370,172,350,481,325
4019,17389,423372,172,350,481,325
4019,17389,423374,172,350,481,325
4019,17537,423368,547,350,801,375
4019,17537,423370,547,350,801,375
4019,17537,423372,547,350,801,375
4019,17537,423374,547,350,801,375
4019,2761,423368,325,417,1040,820
4019,2761,423370,325,417,1040,820
4019,2761,423372,325,417,1040,820
4019,2761,423374,325,417,1040,820
4019,18862,423368,709,655,1091,1082
4019,18862,423370,709,655,1091,1082
4019,18862,423372,709,655,1091,1082
4019,18862,423374,709,655,1091,1082
4019,5743,423368,448,640,1414,1232
4019,5743,423370,448,640,1414,1232
4019,5743,423372,448,640,1414,1232
4019,5743,423374,448,640,1414,1232
4019,9166,423368,166,129,244,318
4019,9166,423370,166,129,244,318
4019,9166,423372,166,129,244,318
4019,9166,423374,166,129,244,318
4019,2037,423368,175,344,766,283
4019,2037,423370,175,344,766,283
4019,2037,423372,175,344,766,283
4019,2037,423374,175,344,766,283
4019,17545,423368,340,141,606,255
4019,17545,423370,340,141,606,255
4019,17545,423372,340,141,606,255
4019,17545,423374,340,141,606,255
4019,67,423368,318,234,798,162
4019,67,423368,101,203,838,122
4019,67,423370,318,234,798,162
4019,67,423370,101,203,838,122
4019,67,423372,318,234,798,162
4019,67,423372,101,203,838,122
4019,67,423374,318,234,798,162
4019,67,423374,101,203,838,122
4019,17186,423368,581,615,855,1163
4019,17186,423370,581,615,855,1163
4019,17186,423372,581,615,855,1163
4019,17186,423374,581,615,855,1163
4019,15393,423368,381,160,391,178
4019,15393,423370,381,160,391,178
4019,15393,423372,381,160,391,178
4019,15393,423374,381,160,391,178
4019,383,423368,1033,1095,1876,2068
4019,383,423370,1033,1095,1876,2068
4019,383,423372,1033,1095,1876,2068
4019,383,423374,1033,1095,1876,2068
4019,330520,423368,181,175,391,464
4019,330520,423370,181,175,391,464
4019,330520,423372,181,175,391,464
4019,330520,423374,181,175,391,464
4019,4600,423368,402,1152,1562,2139
4019,4600,423370,402,1152,1562,2139
4019,4600,423372,402,1152,1562,2139
4019,4600,423374,402,1152,1562,2139
4019,18339,423368,197,259,584,507
4019,18339,423370,197,259,584,507
4019,18339,423372,197,259,584,507
4019,18339,423374,197,259,584,507
4019,11771,423368,526,361,1120,756
4019,11771,423370,526,361,1120,756
4019,11771,423372,526,361,1120,756
4019,11771,423374,526,361,1120,756
4019,11794,423368,274,262,458,545
4019,11794,423370,274,262,458,545
4019,11794,423372,274,262,458,545
4019,11794,423374,274,262,458,545
4019,7520,423368,40,78,22,150
4019,7520,423370,40,78,22,150
4019,7520,423372,40,78,22,150
4019,7520,423374,40,78,22,150
4019,330002,423368,248,322,580,537
4019,330002,423370,248,322,580,537
4019,330002,423372,248,322,580,537
4019,330002,423374,248,322,580,537
4019,14602,423368,792,665,2457,1200
4019,14602,423370,792,665,2457,1200
4019,14602,423372,792,665,2457,1200
4019,14602,423374,792,665,2457,1200
4019,17072,423368,263,462,1188,1111
4019,17072,423370,263,462,1188,1111
4019,17072,423372,263,462,1188,1111
4019,17072,423374,263,462,1188,1111
4019,1992,423368,292,194,239,339
4019,1992,423370,292,194,239,339
4019,1992,423372,292,194,239,339
4019,1992,423374,292,194,239,339
4019,14214,423368,153,193,421,191
4019,14214,423370,153,193,421,191
4019,14214,423372,153,193,421,191
4019,14214,423374,153,193,421,191
4019,5063,423368,155,382,316,273
4019,5063,423370,155,382,316,273
4019,5063,423372,155,382,316,273
4019,5063,423374,155,382,316,273
4019,5547,423368,225,867,1770,332
4019,5547,423370,225,867,1770,332
4019,5547,423372,225,867,1770,332
4019,5547,423374,225,867,1770,332
4019,11726,423368,316,165,263,279
4019,11726,423370,316,165,263,279
4019,11726,423372,316,165,263,279
4019,11726,423374,316,165,263,279
4019,892,423368,154,445,263,264
4019,892,423370,154,445,263,264
4019,892,423372,154,445,263,264
4019,892,423374,154,445,263,264
4019,329759,423368,909,729,1521,1405
4019,329759,423370,909,729,1521,1405
4019,329759,423372,909,729,1521,1405
4019,329759,423374,909,729,1521,1405
4019,12051,423368,221,148,389,226
4019,12051,423370,221,148,389,226
4019,12051,423372,221,148,389,226
4019,12051,423374,221,148,389,226
4019,5413,423368,686,204,980,600
4019,5413,423368,496,200,1033,537
4019,5413,423370,686,204,980,600
4019,5413,423370,496,200,1033,537
4019,5413,423372,686,204,980,600
4019,5413,423372,496,200,1033,537
4019,5413,423374,686,204,980,600
4019,5413,423374,496,200,1033,537
4019,11672,423368,1002,1111,2257,1741
4019,11672,423370,1002,1111,2257,1741
4019,11672,423372,1002,1111,2257,1741
4019,11672,423374,1002,1111,2257,1741
4019,7572,423368,769,875,1562,1574
4019,7572,423370,769,875,1562,1574
4019,7572,423372,769,875,1562,1574
4019,7572,423374,769,875,1562,1574
4019,14969,423368,224,205,454,229
4019,14969,423370,224,205,454,229
4019,14969,423372,224,205,454,229
4019,14969,423374,224,205,454,229
4019,7691,423368,135,184,240,326
4019,7691,423370,135,184,240,326
4019,7691,423372,135,184,240,326
4019,7691,423374,135,184,240,326
4019,6913,423368,415,119,306,221
4019,6913,423370,415,119,306,221
4019,6913,423372,415,119,306,221
4019,6913,423374,415,119,306,221
4019,4004,423368,1025,723,1544,1341
4019,4004,423370,1025,723,1544,1341
4019,4004,423372,1025,723,1544,1341
4019,4004,423374,1025,723,1544,1341
4019,143,423368,466,397,887,774
4019,143,423370,466,397,887,774
4019,143,423372,466,397,887,774
4019,143,423374,466,397,887,774
4019,6949,423368,821,618,1346,688
4019,6949,423370,821,618,1346,688
4019,6949,423372,821,618,1346,688
4019,6949,423374,821,618,1346,688
4019,9015,423368,91,218,286,282
4019,9015,423370,91,218,286,282
4019,9015,423372,91,218,286,282
4019,9015,423374,91,218,286,282
4019,8679,423368,50,1556,1324,1836
4019,8679,423370,50,1556,1324,1836
4019,8679,423372,50,1556,1324,1836
4019,8679,423374,50,1556,1324,1836
4019,9440,423368,693,720,1450,1169
4019,9440,423370,693,720,1450,1169
4019,9440,423372,693,720,1450,1169
4019,9440,423374,693,720,1450,1169
4019,4945,423368,332,857,1649,1376
4019,4945,423370,332,857,1649,1376
4019,4945,423372,332,857,1649,1376
4019,4945,423374,332,857,1649,1376
4019,11675,423368,116,200,273,290
4019,11675,423370,116,200,273,290
4019,11675,423372,116,200,273,290
4019,11675,423374,116,200,273,290
4019,330511,423368,707,475,1188,1015
4019,330511,423370,707,475,1188,1015
4019,330511,423372,707,475,1188,1015
4019,330511,423374,707,475,1188,1015
4019,14439,423368,198,1073,2191,1073
4019,14439,423370,198,1073,2191,1073
4019,14439,423372,198,1073,2191,1073
4019,14439,423374,198,1073,2191,1073
4019,13465,423368,964,675,1368,1324
4019,13465,423370,964,675,1368,1324
4019,13465,423372,964,675,1368,1324
4019,13465,423374,964,675,1368,1324
4019,15332,423368,457,605,1448,1279
4019,15332,423370,457,605,1448,1279
4019,15332,423372,457,605,1448,1279
4019,15332,423374,457,605,1448,1279
4019,2407,423368,688,209,908,489
4019,2407,423370,688,209,908,489
4019,2407,423372,688,209,908,489
4019,2407,423374,688,209,908,489
4019,14637,423368,184,192,271,307
4019,14637,423370,184,192,271,307
4019,14637,423372,184,192,271,307
4019,14637,423374,184,192,271,307
4019,14131,423368,178,162,264,304
4019,14131,423370,178,162,264,304
4019,14131,423372,178,162,264,304
4019,14131,423374,178,162,264,304
4019,13359,423368,681,522,1229,750
4019,13359,423370,681,522,1229,750
4019,13359,423372,681,522,1229,750
4019,13359,423374,681,522,1229,750
4019,17128,423368,131,779,965,1017
4019,17128,423370,131,779,965,1017
4019,17128,423372,131,779,965,1017
4019,17128,423374,131,779,965,1017
5046,47,62266,130,355,483,500
5046,47,62266,569,289,466,460
5046,47,62266,152,222,466,472
5046,47,62267,130,355,483,500
5046,47,62267,569,289,466,460
5046,47,62267,152,222,466,472
5046,47,62268,130,355,483,500
5046,47,62268,569,289,466,460
5046,47,62268,152,222,466,472
5046,47,62269,130,355,483,500
5046,47,62269,569,289,466,460
5046,47,62269,152,222,466,472
3514,12063,89693,414,219,783,445
3514,12063,89693,438,180,795,392
3514,12063,89694,414,219,783,445
3514,12063,89694,438,180,795,392
3514,12063,89695,414,219,783,445
3514,12063,89695,438,180,795,392
3514,12063,89696,414,219,783,445
3514,12063,89696,438,180,795,392
3514,12063,98069,414,219,783,445
3514,12063,98069,438,180,795,392
4027,12401,89333,315,335,710,483
4027,12401,89333,254,396,621,594
4027,12401,89334,315,335,710,483
4027,12401,89334,254,396,621,594
4027,12401,89335,315,335,710,483
4027,12401,89335,254,396,621,594
4027,12401,89336,315,335,710,483
4027,12401,89336,254,396,621,594
4027,12401,89337,315,335,710,483
4027,12401,89337,254,396,621,594
3010,522,53488,171,142,348,154
3010,522,53488,184,136,364,139
3010,522,53489,171,142,348,154
3010,522,53489,184,136,364,139
3010,522,53490,171,142,348,154
3010,522,53490,184,136,364,139
3010,522,53491,171,142,348,154
3010,522,53491,184,136,364,139
4036,9356,74399,149,282,295,335
4036,9356,74399,106,324,309,321
4036,9356,74400,149,282,295,335
4036,9356,74400,106,324,309,321
4036,9356,74401,149,282,295,335
4036,9356,74401,106,324,309,321
4036,9356,74402,149,282,295,335
4036,9356,74402,106,324,309,321
4036,3732,74399,4,228,697,235
4036,3732,74399,0,210,730,202
4036,3732,74400,4,228,697,235
4036,3732,74400,0,210,730,202
4036,3732,74401,4,228,697,235
4036,3732,74401,0,210,730,202
4036,3732,74402,4,228,697,235
4036,3732,74402,0,210,730,202
3020,2734,72078,701,426,1316,1037
3020,2734,72078,674,497,1316,1072
3020,2734,72079,701,426,1316,1037
3020,2734,72079,674,497,1316,1072
3020,2734,72080,701,426,1316,1037
3020,2734,72080,674,497,1316,1072
3020,2734,72081,701,426,1316,1037
3020,2734,72081,674,497,1316,1072
1996,329792,40519,1358,1104,2134,2563
1996,329792,40519,1477,840,2188,2344
1996,329792,40520,1358,1104,2134,2563
1996,329792,40520,1477,840,2188,2344
1996,329792,40521,1358,1104,2134,2563
1996,329792,40521,1477,840,2188,2344
1996,329792,40522,1358,1104,2134,2563
1996,329792,40522,1477,840,2188,2344
1489,6934,19082,183,181,371,326
1489,6934,19083,183,181,371,326
1489,6934,19084,183,181,371,326
1489,6934,19085,183,181,371,326
1489,6934,19086,183,181,371,326
2518,6780,40204,614,578,793,940
2518,6780,40204,672,512,808,900
2518,6780,40205,614,578,793,940
2518,6780,40205,672,512,808,900
2518,6780,40206,614,578,793,940
2518,6780,40206,672,512,808,900
2518,6780,40207,614,578,793,940
2518,6780,40207,672,512,808,900
2518,8368,40204,347,670,1071,896
2518,8368,40204,164,907,1141,878
2518,8368,40205,347,670,1071,896
2518,8368,40205,164,907,1141,878
2518,8368,40206,347,670,1071,896
2518,8368,40206,164,907,1141,878
2518,8368,40207,347,670,1071,896
2518,8368,40207,164,907,1141,878
2518,14443,40204,281,391,253,387
2518,14443,40204,237,416,500,140
2518,14443,40205,281,391,253,387
2518,14443,40205,237,416,500,140
2518,14443,40206,281,391,253,387
2518,14443,40206,237,416,500,140
2518,14443,40207,281,391,253,387
2518,14443,40207,237,416,500,140
2518,8643,40204,110,208,242,368
2518,8643,40204,149,156,251,356
2518,8643,40205,110,208,242,368
2518,8643,40205,149,156,251,356
2518,8643,40206,110,208,242,368
2518,8643,40206,149,156,251,356
2518,8643,40207,110,208,242,368
2518,8643,40207,149,156,251,356
2518,330184,40204,263,461,943,1079
2518,330184,40204,299,417,965,1043
2518,330184,40205,263,461,943,1079
2518,330184,40205,299,417,965,1043
2518,330184,40206,263,461,943,1079
2518,330184,40206,299,417,965,1043
2518,330184,40207,263,461,943,1079
2518,330184,40207,299,417,965,1043
2518,4414,40204,442,669,1049,1142
2518,4414,40204,507,572,1063,1184
2518,4414,40205,442,669,1049,1142
2518,4414,40205,507,572,1063,1184
2518,4414,40206,442,669,1049,1142
2518,4414,40206,507,572,1063,1184
2518,4414,40207,442,669,1049,1142
2518,4414,40207,507,572,1063,1184
3037,329823,19114,245,416,1300,321
3037,329823,19115,245,416,1300,321
3037,329823,19116,245,416,1300,321
3037,329823,19117,245,416,1300,321
3037,16198,19114,1293,508,2069,1009
3037,16198,19115,1293,508,2069,1009
3037,16198,19116,1293,508,2069,1009
3037,16198,19117,1293,508,2069,1009
3037,13737,19114,207,177,471,196
3037,13737,19115,207,177,471,196
3037,13737,19116,207,177,471,196
3037,13737,19117,207,177,471,196
3037,2518,19114,260,107,417,164
3037,2518,19115,260,107,417,164
3037,2518,19116,260,107,417,164
3037,2518,19117,260,107,417,164
3037,7367,19114,28,147,271,311
3037,7367,19114,262,116,266,320
3037,7367,19115,28,147,271,311
3037,7367,19115,262,116,266,320
3037,7367,19116,28,147,271,311
3037,7367,19116,262,116,266,320
3037,7367,19117,28,147,271,311
3037,7367,19117,262,116,266,320
3037,10694,19114,97,76,218,182
3037,10694,19115,97,76,218,182
3037,10694,19116,97,76,218,182
3037,10694,19117,97,76,218,182
3037,12631,19114,86,276,542,320
3037,12631,19115,86,276,542,320
3037,12631,19116,86,276,542,320
3037,12631,19117,86,276,542,320
2019,15530,58586,419,316,417,737
2019,15530,58586,413,296,467,676
2019,15530,58587,419,316,417,737
2019,15530,58587,413,296,467,676
2019,15530,58588,419,316,417,737
2019,15530,58588,413,296,467,676
2019,15530,58589,419,316,417,737
2019,15530,58589,413,296,467,676
2019,15530,58590,419,316,417,737
2019,15530,58590,413,296,467,676
3556,15970,25181,894,773,864,1404
3556,15970,25181,1041,528,980,1269
3556,15970,25182,894,773,864,1404
3556,15970,25182,1041,528,980,1269
3556,15970,25183,894,773,864,1404
3556,15970,25183,1041,528,980,1269
3556,15970,25184,894,773,864,1404
3556,15970,25184,1041,528,980,1269
3556,3879,25181,141,189,211,357
3556,3879,25181,189,139,228,321
3556,3879,25182,141,189,211,357
3556,3879,25182,189,139,228,321
3556,3879,25183,141,189,211,357
3556,3879,25183,189,139,228,321
3556,3879,25184,141,189,211,357
3556,3879,25184,189,139,228,321
4070,6028,63663,779,1115,2459,1783
4070,6028,63663,740,1263,2490,1775
4070,6028,63666,779,1115,2459,1783
4070,6028,63666,740,1263,2490,1775
4070,6028,63667,779,1115,2459,1783
4070,6028,63667,740,1263,2490,1775
4070,6028,63668,779,1115,2459,1783
4070,6028,63668,740,1263,2490,1775
4070,6028,63669,779,1115,2459,1783
4070,6028,63669,740,1263,2490,1775
492,18507,60293,751,974,1905,1318
492,18507,60293,833,776,2045,1219
492,18507,60294,751,974,1905,1318
492,18507,60294,833,776,2045,1219
492,18507,60295,751,974,1905,1318
492,18507,60295,833,776,2045,1219
492,18507,60296,751,974,1905,1318
492,18507,60296,833,776,2045,1219
495,12940,81661,243,181,392,183
495,12940,81661,258,157,404,144
495,12940,81662,243,181,392,183
495,12940,81662,258,157,404,144
495,12940,81663,243,181,392,183
495,12940,81663,258,157,404,144
495,12940,81664,243,181,392,183
495,12940,81664,258,157,404,144
495,7861,81661,72,148,203,238
495,7861,81661,373,181,270,208
495,7861,81661,379,155,290,190
495,7861,81661,78,117,207,232
495,7861,81662,72,148,203,238
495,7861,81662,373,181,270,208
495,7861,81662,379,155,290,190
495,7861,81662,78,117,207,232
495,7861,81663,72,148,203,238
495,7861,81663,373,181,270,208
495,7861,81663,379,155,290,190
495,7861,81663,78,117,207,232
495,7861,81664,72,148,203,238
495,7861,81664,373,181,270,208
495,7861,81664,379,155,290,190
495,7861,81664,78,117,207,232
495,15562,81661,193,103,354,232
495,15562,81661,200,90,339,246
495,15562,81662,193,103,354,232
495,15562,81662,200,90,339,246
495,15562,81663,193,103,354,232
495,15562,81663,200,90,339,246
495,15562,81664,193,103,354,232
495,15562,81664,200,90,339,246
1014,5970,78671,522,199,1464,258
1014,5970,78671,499,234,1455,252
1014,5970,78671,432,322,625,296
1014,5970,78671,420,324,625,290
1014,5970,78671,180,184,1511,85
1014,5970,78672,522,199,1464,258
1014,5970,78672,499,234,1455,252
1014,5970,78672,432,322,625,296
1014,5970,78672,420,324,625,290
1014,5970,78672,180,184,1511,85
1014,5970,78673,522,199,1464,258
1014,5970,78673,499,234,1455,252
1014,5970,78673,432,322,625,296
1014,5970,78673,420,324,625,290
1014,5970,78673,180,184,1511,85
1014,5970,78674,522,199,1464,258
1014,5970,78674,499,234,1455,252
1014,5970,78674,432,322,625,296
1014,5970,78674,420,324,625,290
1014,5970,78674,180,184,1511,85
1014,6580,78671,1192,632,1739,1297
1014,6580,78671,1094,717,1739,1251
1014,6580,78672,1192,632,1739,1297
1014,6580,78672,1094,717,1739,1251
1014,6580,78673,1192,632,1739,1297
1014,6580,78673,1094,717,1739,1251
1014,6580,78674,1192,632,1739,1297
1014,6580,78674,1094,717,1739,1251
1014,12789,78671,359,119,308,44
1014,12789,78671,93,123,370,129
1014,12789,78671,80,136,352,149
1014,12789,78672,359,119,308,44
1014,12789,78672,93,123,370,129
1014,12789,78672,80,136,352,149
1014,12789,78673,359,119,308,44
1014,12789,78673,93,123,370,129
1014,12789,78673,80,136,352,149
1014,12789,78674,359,119,308,44
1014,12789,78674,93,123,370,129
1014,12789,78674,80,136,352,149
5622,9285,18947,802,743,1592,1000
5622,9285,18948,802,743,1592,1000
5622,9285,18949,802,743,1592,1000
5622,9285,18950,802,743,1592,1000
5622,329982,18947,499,186,908,663
5622,329982,18948,499,186,908,663
5622,329982,18949,499,186,908,663
5622,329982,18950,499,186,908,663
5629,7775,19088,225,100,259,299
5629,7775,19090,225,100,259,299
5629,7775,19092,225,100,259,299
5629,7775,19094,225,100,259,299
5629,11979,19088,536,940,1597,542
5629,11979,19090,536,940,1597,542
5629,11979,19092,536,940,1597,542
5629,11979,19094,536,940,1597,542
5629,7397,19088,136,193,278,286
5629,7397,19090,136,193,278,286
5629,7397,19092,136,193,278,286
5629,7397,19094,136,193,278,286
