id,cons,shop,left,width,top,height
515,13774,47705,197,214,128,131
515,13774,47705,189,248,117,155
515,13774,47706,197,214,128,131
515,13774,47706,189,248,117,155
515,12654,47705,327,423,219,285
515,12654,47705,348,414,219,285
515,12654,47706,327,423,219,285
515,12654,47706,348,414,219,285
515,98583,47705,775,473,582,368
515,98583,47705,775,461,600,327
515,98583,47706,775,473,582,368
515,98583,47706,775,461,600,327
515,11855,47705,608,263,635,235
515,11855,47705,562,332,612,226
515,11855,47706,608,263,635,235
515,11855,47706,562,332,612,226
1528,16228,58289,256,71,3,68
1528,16228,58289,257,103,13,64
1528,16228,58291,256,71,3,68
1528,16228,58291,257,103,13,64
1528,1614,58289,189,93,36,49
1528,1614,58289,192,79,34,44
1528,1614,58291,189,93,36,49
1528,1614,58291,192,79,34,44
16,3465,50626,99,168,5,164
16,3465,50626,84,186,6,166
16,3465,50627,99,168,5,164
16,3465,50627,84,186,6,166
16,14682,50626,337,200,51,115
16,14682,50626,337,206,41,126
16,14682,50627,337,200,51,115
16,14682,50627,337,206,41,126
16,6247,50626,678,168,138,180
16,6247,50626,655,193,149,152
16,6247,50626,20,556,23,548
16,6247,50626,38,546,30,546
16,6247,50627,678,168,138,180
16,6247,50627,655,193,149,152
16,6247,50627,20,556,23,548
16,6247,50627,38,546,30,546
530,1415,68244,1078,653,821,321
530,1415,68244,1031,665,792,356
530,1415,68245,1078,653,821,321
530,1415,68245,1031,665,792,356
1555,17289,54921,674,115,454,140
1555,17289,54921,658,165,464,119
1555,17289,54922,674,115,454,140
1555,17289,54922,658,165,464,119
1555,17630,54921,102,133,77,92
1555,17630,54921,68,156,70,106
1555,17630,54921,411,136,76,113
1555,17630,54921,391,148,86,128
1555,17630,54922,102,133,77,92
1555,17630,54922,68,156,70,106
1555,17630,54922,411,136,76,113
1555,17630,54922,391,148,86,128
1555,2434,54921,175,210,97,166
1555,2434,54921,190,242,146,59
1555,2434,54921,724,205,107,135
1555,2434,54922,175,210,97,166
1555,2434,54922,190,242,146,59
1555,2434,54922,724,205,107,135
1555,7616,54921,108,132,308,71
1555,7616,54921,120,112,320,58
1555,7616,54922,108,132,308,71
1555,7616,54922,120,112,320,58
1555,1123,54921,411,282,355,178
1555,1123,54921,437,234,355,152
1555,1123,54922,411,282,355,178
1555,1123,54922,437,234,355,152
1555,8717,54921,255,250,232,118
1555,8717,54921,329,145,235,130
1555,8717,54922,255,250,232,118
1555,8717,54922,329,145,235,130
1555,7754,54921,208,227,132,168
1555,7754,54921,184,274,93,159
1555,7754,54922,208,227,132,168
1555,7754,54922,184,274,93,159
1555,1422,54921,75,61,229,38
1555,1422,54921,66,65,212,60
1555,1422,54922,75,61,229,38
1555,1422,54922,66,65,212,60
1555,15759,54921,260,261,297,160
1555,15759,54921,274,250,278,202
1555,15759,54922,260,261,297,160
1555,15759,54922,274,250,278,202
1555,10084,54921,1755,856,1195,505
1555,10084,54921,1974,681,1338,428
1555,10084,54922,1755,856,1195,505
1555,10084,54922,1974,681,1338,428
1555,8360,54921,676,862,705,616
1555,8360,54921,802,862,749,661
1555,8360,54922,676,862,705,616
1555,8360,54922,802,862,749,661
1555,4432,54921,326,185,46,127
1555,4432,54921,343,202,30,187
1555,4432,54922,326,185,46,127
1555,4432,54922,343,202,30,187
1555,812,54921,444,103,109,65
1555,812,54921,456,81,103,63
1555,812,54922,444,103,109,65
1555,812,54922,456,81,103,63
1044,8054,81979,169,130,8,94
1044,8054,81979,177,98,13,84
1044,8054,81980,169,130,8,94
1044,8054,81980,177,98,13,84
24,14053,89697,231,112,0,72
24,14053,89697,247,115,10,61
24,14053,89698,231,112,0,72
24,14053,89698,247,115,10,61
538,17580,55309,258,185,119,142
538,17580,55309,263,214,108,185
538,17580,55310,258,185,119,142
538,17580,55310,263,214,108,185
1566,13355,54357,817,652,234,520
1566,13355,54357,777,658,148,566
1566,13355,54358,817,652,234,520
1566,13355,54358,777,658,148,566
548,2624,72720,570,735,45,430
548,2624,72720,495,850,60,525
548,2624,72721,570,735,45,430
548,2624,72721,495,850,60,525
548,17919,72720,165,324,113,207
548,17919,72720,163,340,89,283
548,17919,72721,165,324,113,207
548,17919,72721,163,340,89,283
548,6296,72720,139,213,38,93
548,6296,72720,128,196,33,115
548,6296,72721,139,213,38,93
548,6296,72721,128,196,33,115
548,5431,72720,276,151,130,92
548,5431,72720,262,173,122,101
548,5431,72721,276,151,130,92
548,5431,72721,262,173,122,101
554,3846,23959,156,377,0,301
554,3846,23959,156,375,39,264
554,3846,23960,156,377,0,301
554,3846,23960,156,375,39,264
554,3639,23959,125,197,87,140
554,3639,23959,116,239,97,131
554,3639,23960,125,197,87,140
554,3639,23960,116,239,97,131
45,330022,38896,488,211,483,141
45,330022,38896,466,234,464,176
45,330022,38897,488,211,483,141
45,330022,38897,466,234,464,176
1071,1640,68234,191,99,165,80
1071,1640,68234,187,104,175,81
1071,1640,68236,191,99,165,80
1071,1640,68236,187,104,175,81
1072,16533,88456,950,473,466,362
1072,16533,88456,856,682,378,420
1072,16533,88457,950,473,466,362
1072,16533,88457,856,682,378,420
1072,16533,88458,950,473,466,362
1072,16533,88458,856,682,378,420
1075,13687,52059,1142,714,1244,469
1075,13687,52059,1111,737,1159,500
1075,13687,52060,1142,714,1244,469
1075,13687,52060,1111,737,1159,500
1075,13687,52061,1142,714,1244,469
1075,13687,52061,1111,737,1159,500
1075,16571,52059,390,218,66,122
1075,16571,52059,444,100,70,142
1075,16571,52060,390,218,66,122
1075,16571,52060,444,100,70,142
1075,16571,52061,390,218,66,122
1075,16571,52061,444,100,70,142
1590,6781,53199,6,848,201,611
1590,6781,53199,2,832,210,613
1590,6781,53200,6,848,201,611
1590,6781,53200,2,832,210,613
1590,6781,53201,6,848,201,611
1590,6781,53201,2,832,210,613
1590,6781,53202,6,848,201,611
1590,6781,53202,2,832,210,613
1590,18658,53199,471,378,239,352
1590,18658,53199,437,464,248,258
1590,18658,53200,471,378,239,352
1590,18658,53200,437,464,248,258
1590,18658,53201,471,378,239,352
1590,18658,53201,437,464,248,258
1590,18658,53202,471,378,239,352
1590,18658,53202,437,464,248,258
1590,3147,53199,554,257,456,151
1590,3147,53199,856,363,448,241
1590,3147,53199,860,249,456,221
1590,3147,53200,554,257,456,151
1590,3147,53200,856,363,448,241
1590,3147,53200,860,249,456,221
1590,3147,53201,554,257,456,151
1590,3147,53201,856,363,448,241
1590,3147,53201,860,249,456,221
1590,3147,53202,554,257,456,151
1590,3147,53202,856,363,448,241
1590,3147,53202,860,249,456,221
1590,18538,53199,188,175,66,149
1590,18538,53199,184,187,76,129
1590,18538,53200,188,175,66,149
1590,18538,53200,184,187,76,129
1590,18538,53201,188,175,66,149
1590,18538,53201,184,187,76,129
1590,18538,53202,188,175,66,149
1590,18538,53202,184,187,76,129
1590,14533,53199,755,590,50,380
1590,14533,53199,790,580,80,345
1590,14533,53200,755,590,50,380
1590,14533,53200,790,580,80,345
1590,14533,53201,755,590,50,380
1590,14533,53201,790,580,80,345
1590,14533,53202,755,590,50,380
1590,14533,53202,790,580,80,345
1590,649,53199,360,109,24,75
1590,649,53199,371,98,26,77
1590,649,53200,360,109,24,75
1590,649,53200,371,98,26,77
1590,649,53201,360,109,24,75
1590,649,53201,371,98,26,77
1590,649,53202,360,109,24,75
1590,649,53202,371,98,26,77
1590,12554,53199,553,323,54,309
1590,12554,53199,582,272,80,304
1590,12554,53200,553,323,54,309
1590,12554,53200,582,272,80,304
1590,12554,53201,553,323,54,309
1590,12554,53201,582,272,80,304
1590,12554,53202,553,323,54,309
1590,12554,53202,582,272,80,304
55,3106,73000,1004,552,119,483
55,3106,73000,914,612,109,518
55,3106,73002,1004,552,119,483
55,3106,73002,914,612,109,518
568,7492,81178,396,140,108,112
568,7492,81178,412,119,120,101
568,7492,81179,396,140,108,112
568,7492,81179,412,119,120,101
1599,2467,70211,745,730,285,600
1599,2467,70211,585,905,225,605
1599,2467,70212,745,730,285,600
1599,2467,70212,585,905,225,605
1599,2467,70213,745,730,285,600
1599,2467,70213,585,905,225,605
1599,2467,70214,745,730,285,600
1599,2467,70214,585,905,225,605
1599,5593,70211,129,167,100,123
1599,5593,70211,139,145,105,107
1599,5593,70212,129,167,100,123
1599,5593,70212,139,145,105,107
1599,5593,70213,129,167,100,123
1599,5593,70213,139,145,105,107
1599,5593,70214,129,167,100,123
1599,5593,70214,139,145,105,107
69,15544,61467,108,309,106,209
69,15544,61467,91,327,117,194
69,15544,61468,108,309,106,209
69,15544,61468,91,327,117,194
582,16887,90607,254,164,108,103
582,16887,90607,245,174,130,100
582,16887,90608,254,164,108,103
582,16887,90608,245,174,130,100
1629,11408,85431,1540,1000,4080,870
1629,11408,85431,1510,960,4110,990
1629,11408,85432,1540,1000,4080,870
1629,11408,85432,1510,960,4110,990
1629,17015,85431,361,322,333,280
1629,17015,85431,335,373,349,211
1629,17015,85432,361,322,333,280
1629,17015,85432,335,373,349,211
1126,13075,51864,413,840,11,414
1126,13075,51864,507,799,29,403
1126,13075,51865,413,840,11,414
1126,13075,51865,507,799,29,403
1134,17101,81821,1320,7,1993,60
1134,17101,81821,166,1120,1433,1054
1134,17101,81821,93,1314,66,614
1134,17101,81821,120,1207,1493,1127
1134,17101,81821,160,1127,33,754
1134,17101,81822,1320,7,1993,60
1134,17101,81822,166,1120,1433,1054
1134,17101,81822,93,1314,66,614
1134,17101,81822,120,1207,1493,1127
1134,17101,81822,160,1127,33,754
1134,17101,81823,1320,7,1993,60
1134,17101,81823,166,1120,1433,1054
1134,17101,81823,93,1314,66,614
1134,17101,81823,120,1207,1493,1127
1134,17101,81823,160,1127,33,754
1134,17101,81824,1320,7,1993,60
1134,17101,81824,166,1120,1433,1054
1134,17101,81824,93,1314,66,614
1134,17101,81824,120,1207,1493,1127
1134,17101,81824,160,1127,33,754
1134,9156,81821,106,169,4,104
1134,9156,81821,111,179,3,117
1134,9156,81822,106,169,4,104
1134,9156,81822,111,179,3,117
1134,9156,81823,106,169,4,104
1134,9156,81823,111,179,3,117
1134,9156,81824,106,169,4,104
1134,9156,81824,111,179,3,117
1134,17287,81821,268,293,151,205
1134,17287,81821,266,293,181,184
1134,17287,81822,268,293,151,205
1134,17287,81822,266,293,181,184
1134,17287,81823,268,293,151,205
1134,17287,81823,266,293,181,184
1134,17287,81824,268,293,151,205
1134,17287,81824,266,293,181,184
1134,8595,81821,385,222,222,355
1134,8595,81821,444,119,210,338
1134,8595,81822,385,222,222,355
1134,8595,81822,444,119,210,338
1134,8595,81823,385,222,222,355
1134,8595,81823,444,119,210,338
1134,8595,81824,385,222,222,355
1134,8595,81824,444,119,210,338
624,7085,80387,950,570,1810,645
624,7085,80387,940,625,1840,605
624,7085,80389,950,570,1810,645
624,7085,80389,940,625,1840,605
624,7085,80390,950,570,1810,645
624,7085,80390,940,625,1840,605
624,7085,80391,950,570,1810,645
624,7085,80391,940,625,1840,605
624,7085,80392,950,570,1810,645
624,7085,80392,940,625,1840,605
624,7085,97841,950,570,1810,645
624,7085,97841,940,625,1840,605
624,11030,80387,34,926,269,526
624,11030,80387,20,938,253,535
624,11030,80389,34,926,269,526
624,11030,80389,20,938,253,535
624,11030,80390,34,926,269,526
624,11030,80390,20,938,253,535
624,11030,80391,34,926,269,526
624,11030,80391,20,938,253,535
624,11030,80392,34,926,269,526
624,11030,80392,20,938,253,535
624,11030,97841,34,926,269,526
624,11030,97841,20,938,253,535
624,7850,80387,38,183,312,189
624,7850,80387,58,165,321,175
624,7850,80389,38,183,312,189
624,7850,80389,58,165,321,175
624,7850,80390,38,183,312,189
624,7850,80390,58,165,321,175
624,7850,80391,38,183,312,189
624,7850,80391,58,165,321,175
624,7850,80392,38,183,312,189
624,7850,80392,58,165,321,175
624,7850,97841,38,183,312,189
624,7850,97841,58,165,321,175
1650,6972,25604,25,743,199,514
1650,6972,25604,14,752,190,494
1650,6972,25605,25,743,199,514
1650,6972,25605,14,752,190,494
1650,13747,25604,241,459,211,139
1650,13747,25604,268,520,136,353
1650,13747,25605,241,459,211,139
1650,13747,25605,268,520,136,353
1650,4500,25604,141,350,15,242
1650,4500,25604,139,334,36,176
1650,4500,25605,141,350,15,242
1650,4500,25605,139,334,36,176
1650,18721,25604,429,1159,62,833
1650,18721,25604,512,926,67,880
1650,18721,25605,429,1159,62,833
1650,18721,25605,512,926,67,880
1650,12016,25604,963,981,654,776
1650,12016,25604,1018,843,698,589
1650,12016,25605,963,981,654,776
1650,12016,25605,1018,843,698,589
117,15305,49862,125,140,16,100
117,15305,49862,111,165,0,86
117,15305,49863,125,140,16,100
117,15305,49863,111,165,0,86
629,8416,83677,170,64,183,56
629,8416,83677,159,75,169,70
629,8416,83678,170,64,183,56
629,8416,83678,159,75,169,70
629,8416,83679,170,64,183,56
629,8416,83679,159,75,169,70
1655,6988,33841,130,87,397,40
1655,6988,33841,100,89,412,6
1655,6988,33841,186,10,416,6
1655,6988,33842,130,87,397,40
1655,6988,33842,100,89,412,6
1655,6988,33842,186,10,416,6
1655,15992,33841,582,542,22,295
1655,15992,33841,645,456,22,349
1655,15992,33842,582,542,22,295
1655,15992,33842,645,456,22,349
1655,9202,33841,2012,936,589,693
1655,9202,33841,1806,1124,458,1039
1655,9202,33842,2012,936,589,693
1655,9202,33842,1806,1124,458,1039
1655,8832,33841,85,137,19,129
1655,8832,33841,113,102,44,103
1655,8832,33842,85,137,19,129
1655,8832,33842,113,102,44,103
1655,16169,33841,442,438,274,539
1655,16169,33841,452,448,364,434
1655,16169,33842,442,438,274,539
1655,16169,33842,452,448,364,434
635,8556,49408,1219,633,45,654
635,8556,49408,1294,716,45,482
635,8556,49409,1219,633,45,654
635,8556,49409,1294,716,45,482
1162,98612,100536,152,191,108,125
1162,98612,100536,158,143,131,103
1162,98612,100537,152,191,108,125
1162,98612,100537,158,143,131,103
143,11604,58290,559,279,459,155
143,11604,58290,526,312,442,172
143,11604,58292,559,279,459,155
143,11604,58292,526,312,442,172
143,14953,58290,350,635,250,385
143,14953,58290,435,590,280,400
143,14953,58292,350,635,250,385
143,14953,58292,435,590,280,400
143,1594,58290,184,114,40,92
143,1594,58290,183,127,35,98
143,1594,58292,184,114,40,92
143,1594,58292,183,127,35,98
1683,7065,81670,69,499,163,432
1683,7065,81670,64,484,206,362
1683,7065,81671,69,499,163,432
1683,7065,81671,64,484,206,362
1683,7065,81672,69,499,163,432
1683,7065,81672,64,484,206,362
1683,8256,81670,157,195,82,180
1683,8256,81670,577,572,42,660
1683,8256,81670,600,566,25,695
1683,8256,81670,148,186,77,206
1683,8256,81671,157,195,82,180
1683,8256,81671,577,572,42,660
1683,8256,81671,600,566,25,695
1683,8256,81671,148,186,77,206
1683,8256,81672,157,195,82,180
1683,8256,81672,577,572,42,660
1683,8256,81672,600,566,25,695
1683,8256,81672,148,186,77,206
1687,3946,68924,1192,631,440,830
1687,3946,68924,1235,597,354,510
1687,3946,68924,1788,35,924,337
1687,3946,68925,1192,631,440,830
1687,3946,68925,1235,597,354,510
1687,3946,68925,1788,35,924,337
1687,3946,68926,1192,631,440,830
1687,3946,68926,1235,597,354,510
1687,3946,68926,1788,35,924,337
1687,8303,68924,101,127,13,88
1687,8303,68924,150,88,7,96
1687,8303,68925,101,127,13,88
1687,8303,68925,150,88,7,96
1687,8303,68926,101,127,13,88
1687,8303,68926,150,88,7,96
1687,2303,68924,374,250,456,370
1687,2303,68924,401,147,489,272
1687,2303,68925,374,250,456,370
1687,2303,68925,401,147,489,272
1687,2303,68926,374,250,456,370
1687,2303,68926,401,147,489,272
1687,1827,68924,1002,408,419,379
1687,1827,68924,1025,414,425,432
1687,1827,68925,1002,408,419,379
1687,1827,68925,1025,414,425,432
1687,1827,68926,1002,408,419,379
1687,1827,68926,1025,414,425,432
670,330118,100167,486,808,44,732
670,330118,100169,486,808,44,732
163,13210,74392,1090,589,964,423
163,13210,74392,1157,536,998,376
163,13210,74393,1090,589,964,423
163,13210,74393,1157,536,998,376
163,6759,74392,1025,543,507,548
163,6759,74392,1043,589,530,531
163,6759,74393,1025,543,507,548
163,6759,74393,1043,589,530,531
163,4189,74392,244,88,101,68
163,4189,74392,235,96,76,93
163,4189,74393,244,88,101,68
163,4189,74393,235,96,76,93
683,3403,65066,595,161,6,124
683,3403,65066,582,192,4,135
683,3403,65067,595,161,6,124
683,3403,65067,582,192,4,135
683,3403,65068,595,161,6,124
683,3403,65068,582,192,4,135
683,5373,65066,450,200,339,180
683,5373,65066,475,137,361,126
683,5373,65067,450,200,339,180
683,5373,65067,475,137,361,126
683,5373,65068,450,200,339,180
683,5373,65068,475,137,361,126
683,511,65066,808,381,637,194
683,511,65066,793,402,616,319
683,511,65067,808,381,637,194
683,511,65067,793,402,616,319
683,511,65068,808,381,637,194
683,511,65068,793,402,616,319
1196,8494,83753,347,159,17,96
1196,8494,83753,330,190,15,129
1196,8494,83754,347,159,17,96
1196,8494,83754,330,190,15,129
1196,8494,83755,347,159,17,96
1196,8494,83755,330,190,15,129
687,3238,73311,500,505,55,335
687,3238,73311,495,510,100,285
687,3238,73312,500,505,55,335
687,3238,73312,495,510,100,285
687,3238,73313,500,505,55,335
687,3238,73313,495,510,100,285
689,6174,31169,409,214,1,189
689,6174,31169,406,214,1,192
689,6174,31170,409,214,1,189
689,6174,31170,406,214,1,192
692,12890,51068,507,414,442,245
692,12890,51068,378,578,367,397
692,12890,51069,507,414,442,245
692,12890,51069,378,578,367,397
692,12890,51070,507,414,442,245
692,12890,51070,378,578,367,397
1205,14976,49848,1363,762,792,452
1205,14976,49848,1182,1113,822,572
1205,14976,49849,1363,762,792,452
1205,14976,49849,1182,1113,822,572
1205,330006,49848,244,182,122,120
1205,330006,49848,273,156,135,123
1205,330006,49849,244,182,122,120
1205,330006,49849,273,156,135,123
1205,10238,49848,1223,1143,250,552
1205,10238,49848,1413,893,310,412
1205,10238,49849,1223,1143,250,552
1205,10238,49849,1413,893,310,412
1723,98654,100563,180,117,318,87
1723,98654,100563,169,122,300,103
1723,98654,100564,180,117,318,87
1723,98654,100564,169,122,300,103
1723,98654,100565,180,117,318,87
1723,98654,100565,169,122,300,103
1723,98654,100566,180,117,318,87
1723,98654,100566,169,122,300,103
1212,14312,49556,394,357,76,265
1212,14312,49556,371,416,70,267
1212,14312,49557,394,357,76,265
1212,14312,49557,371,416,70,267
1212,14177,49556,197,175,14,115
1212,14177,49556,215,166,0,133
1212,14177,49557,197,175,14,115
1212,14177,49557,215,166,0,133
191,11176,71331,315,242,126,200
191,11176,71331,293,259,126,172
191,11176,71332,315,242,126,200
191,11176,71332,293,259,126,172
191,11176,71333,315,242,126,200
191,11176,71333,293,259,126,172
191,11176,71334,315,242,126,200
191,11176,71334,293,259,126,172
191,11176,71335,315,242,126,200
191,11176,71335,293,259,126,172
191,7793,71331,1790,591,95,486
191,7793,71331,1685,820,104,610
191,7793,71332,1790,591,95,486
191,7793,71332,1685,820,104,610
191,7793,71333,1790,591,95,486
191,7793,71333,1685,820,104,610
191,7793,71334,1790,591,95,486
191,7793,71334,1685,820,104,610
191,7793,71335,1790,591,95,486
191,7793,71335,1685,820,104,610
191,2813,71331,170,161,15,84
191,2813,71331,185,117,15,87
191,2813,71332,170,161,15,84
191,2813,71332,185,117,15,87
191,2813,71333,170,161,15,84
191,2813,71333,185,117,15,87
191,2813,71334,170,161,15,84
191,2813,71334,185,117,15,87
191,2813,71335,170,161,15,84
191,2813,71335,185,117,15,87
191,8641,71331,246,138,95,120
191,8641,71331,216,172,81,127
191,8641,71332,246,138,95,120
191,8641,71332,216,172,81,127
191,8641,71333,246,138,95,120
191,8641,71333,216,172,81,127
191,8641,71334,246,138,95,120
191,8641,71334,216,172,81,127
191,8641,71335,246,138,95,120
191,8641,71335,216,172,81,127
713,6582,32488,1270,795,864,432
713,6582,32488,1442,640,717,545
713,6582,32489,1270,795,864,432
713,6582,32489,1442,640,717,545
205,8788,38455,212,112,0,112
205,8788,38455,207,120,0,80
205,8788,38456,212,112,0,112
205,8788,38456,207,120,0,80
205,6861,38455,350,116,182,71
205,6861,38455,338,154,192,93
205,6861,38456,350,116,182,71
205,6861,38456,338,154,192,93
1237,15694,65959,175,376,32,271
1237,15694,65959,198,363,44,271
1237,15694,65960,175,376,32,271
1237,15694,65960,198,363,44,271
1237,15694,65961,175,376,32,271
1237,15694,65961,198,363,44,271
1237,6524,65959,275,470,1725,485
1237,6524,65959,330,380,1750,445
1237,6524,65960,275,470,1725,485
1237,6524,65960,330,380,1750,445
1237,6524,65961,275,470,1725,485
1237,6524,65961,330,380,1750,445
1237,17224,65959,804,374,641,327
1237,17224,65959,763,397,658,327
1237,17224,65960,804,374,641,327
1237,17224,65960,763,397,658,327
1237,17224,65961,804,374,641,327
1237,17224,65961,763,397,658,327
1237,15241,65959,830,380,295,260
1237,15241,65959,695,605,220,440
1237,15241,65960,830,380,295,260
1237,15241,65960,695,605,220,440
1237,15241,65961,830,380,295,260
1237,15241,65961,695,605,220,440
728,4400,75470,391,216,17,187
728,4400,75470,413,183,32,124
728,4400,75471,391,216,17,187
728,4400,75471,413,183,32,124
728,4400,75472,391,216,17,187
728,4400,75472,413,183,32,124
728,4400,75473,391,216,17,187
728,4400,75473,413,183,32,124
728,4400,75474,391,216,17,187
728,4400,75474,413,183,32,124
1241,12243,65881,878,1836,985,1000
1241,12243,65881,807,1886,957,1122
1241,12243,65882,878,1836,985,1000
1241,12243,65882,807,1886,957,1122
1241,1110,65881,302,365,265,243
1241,1110,65881,293,324,256,193
1241,1110,65882,302,365,265,243
1241,1110,65882,293,324,256,193
1766,3736,61326,785,475,55,330
1766,3736,61326,775,485,35,365
1766,3736,61327,785,475,55,330
1766,3736,61327,775,485,35,365
1766,8704,61326,374,426,201,366
1766,8704,61326,349,467,198,346
1766,8704,61327,374,426,201,366
1766,8704,61327,349,467,198,346
749,8403,83586,60,125,10,100
749,8403,83586,67,107,30,83
749,8403,83587,60,125,10,100
749,8403,83587,67,107,30,83
749,8403,83588,60,125,10,100
749,8403,83588,67,107,30,83
1268,12054,50280,321,620,97,392
1268,12054,50280,407,416,102,323
1268,12054,50282,321,620,97,392
1268,12054,50282,407,416,102,323
1268,12054,50284,321,620,97,392
1268,12054,50284,407,416,102,323
1268,10539,50280,562,215,406,188
1268,10539,50280,521,259,365,195
1268,10539,50282,562,215,406,188
1268,10539,50282,521,259,365,195
1268,10539,50284,562,215,406,188
1268,10539,50284,521,259,365,195
1270,2664,65597,312,286,78,164
1270,2664,65597,333,296,92,171
1270,2664,65598,312,286,78,164
1270,2664,65598,333,296,92,171
1270,840,65597,208,319,67,268
1270,840,65597,196,386,58,213
1270,840,65598,208,319,67,268
1270,840,65598,196,386,58,213
1270,15178,65597,383,236,64,198
1270,15178,65597,343,279,67,141
1270,15178,65598,383,236,64,198
1270,15178,65598,343,279,67,141
1784,17303,49990,140,196,1174,175
1784,17303,49990,114,204,1178,175
1784,17303,49991,140,196,1174,175
1784,17303,49991,114,204,1178,175
1784,16578,49990,323,167,156,163
1784,16578,49990,304,180,159,157
1784,16578,49991,323,167,156,163
1784,16578,49991,304,180,159,157
770,3665,23464,579,567,351,394
770,3665,23464,529,621,256,551
770,3665,23466,579,567,351,394
770,3665,23466,529,621,256,551
770,3665,23469,579,567,351,394
770,3665,23469,529,621,256,551
770,3665,23472,579,567,351,394
770,3665,23472,529,621,256,551
770,11097,23464,590,750,345,395
770,11097,23464,515,815,685,1390
770,11097,23464,615,825,385,350
770,11097,23466,590,750,345,395
770,11097,23466,515,815,685,1390
770,11097,23466,615,825,385,350
770,11097,23469,590,750,345,395
770,11097,23469,515,815,685,1390
770,11097,23469,615,825,385,350
770,11097,23472,590,750,345,395
770,11097,23472,515,815,685,1390
770,11097,23472,615,825,385,350
770,13478,23464,725,715,80,600
770,13478,23464,695,785,40,695
770,13478,23466,725,715,80,600
770,13478,23466,695,785,40,695
770,13478,23469,725,715,80,600
770,13478,23469,695,785,40,695
770,13478,23472,725,715,80,600
770,13478,23472,695,785,40,695
770,11288,23464,522,748,611,417
770,11288,23464,356,870,474,583
770,11288,23466,522,748,611,417
770,11288,23466,356,870,474,583
770,11288,23469,522,748,611,417
770,11288,23469,356,870,474,583
770,11288,23472,522,748,611,417
770,11288,23472,356,870,474,583
1283,11245,32913,34,288,131,294
1283,11245,32913,49,267,149,280
1283,11245,32914,34,288,131,294
1283,11245,32914,49,267,149,280
1283,7634,32913,189,144,118,124
1283,7634,32913,185,130,120,112
1283,7634,32914,189,144,118,124
1283,7634,32914,185,130,120,112
1288,3325,57555,715,571,85,419
1288,3325,57555,783,486,42,436
1288,3325,57556,715,571,85,419
1288,3325,57556,783,486,42,436
1288,3325,57557,715,571,85,419
1288,3325,57557,783,486,42,436
1288,1504,57555,341,194,17,170
1288,1504,57555,354,222,15,192
1288,1504,57556,341,194,17,170
1288,1504,57556,354,222,15,192
1288,1504,57557,341,194,17,170
1288,1504,57557,354,222,15,192
266,11841,85858,811,392,106,330
266,11841,85858,833,392,95,286
266,11841,85859,811,392,106,330
266,11841,85859,833,392,95,286
266,11841,85860,811,392,106,330
266,11841,85860,833,392,95,286
266,11841,85861,811,392,106,330
266,11841,85861,833,392,95,286
266,13021,85858,690,545,45,430
266,13021,85858,650,595,45,400
266,13021,85859,690,545,45,430
266,13021,85859,650,595,45,400
266,13021,85860,690,545,45,430
266,13021,85860,650,595,45,400
266,13021,85861,690,545,45,430
266,13021,85861,650,595,45,400
780,9382,41668,513,75,157,43
780,9382,41668,513,97,140,68
780,9382,41670,513,75,157,43
780,9382,41670,513,97,140,68
273,16255,86304,792,869,250,647
273,16255,86304,757,816,256,682
273,16255,86305,792,869,250,647
273,16255,86305,757,816,256,682
794,12106,75969,405,1050,530,1560
794,12106,75969,590,625,110,415
794,12106,75971,405,1050,530,1560
794,12106,75971,590,625,110,415
794,12106,75972,405,1050,530,1560
794,12106,75972,590,625,110,415
794,12106,75973,405,1050,530,1560
794,12106,75973,590,625,110,415
794,12106,97712,405,1050,530,1560
794,12106,97712,590,625,110,415
794,4207,75969,2355,925,372,444
794,4207,75969,2302,1156,381,745
794,4207,75971,2355,925,372,444
794,4207,75971,2302,1156,381,745
794,4207,75972,2355,925,372,444
794,4207,75972,2302,1156,381,745
794,4207,75973,2355,925,372,444
794,4207,75973,2302,1156,381,745
794,4207,97712,2355,925,372,444
794,4207,97712,2302,1156,381,745
1329,13153,89507,0,606,0,380
1329,13153,89507,9,741,0,368
1329,13153,89508,0,606,0,380
1329,13153,89508,9,741,0,368
1355,15466,50558,212,97,22,60
1355,15466,50558,223,63,38,56
1355,15466,50560,212,97,22,60
1355,15466,50560,223,63,38,56
1355,15795,50558,334,123,121,111
1355,15795,50558,309,164,110,125
1355,15795,50560,334,123,121,111
1355,15795,50560,309,164,110,125
1355,15118,50558,221,139,75,59
1355,15118,50558,240,92,75,71
1355,15118,50560,221,139,75,59
1355,15118,50560,240,92,75,71
1360,11941,47914,775,510,40,270
1360,11941,47914,815,405,35,280
1360,11941,47916,775,510,40,270
1360,11941,47916,815,405,35,280
1360,11941,47918,775,510,40,270
1360,11941,47918,815,405,35,280
856,2887,56718,613,332,690,194
856,2887,56718,654,166,695,148
856,2887,56720,613,332,690,194
856,2887,56720,654,166,695,148
856,18068,56718,330,146,24,175
856,18068,56718,342,132,44,126
856,18068,56720,330,146,24,175
856,18068,56720,342,132,44,126
856,1314,56718,73,203,68,156
856,1314,56718,47,193,71,131
856,1314,56720,73,203,68,156
856,1314,56720,47,193,71,131
887,14504,89807,199,207,95,148
887,14504,89807,206,196,86,185
887,14504,89808,199,207,95,148
887,14504,89808,206,196,86,185
380,13468,48026,368,660,383,950
380,13468,48026,501,281,119,201
380,13468,48027,368,660,383,950
380,13468,48027,501,281,119,201
1407,7410,49034,233,98,65,68
1407,7410,49034,230,89,68,53
1407,7410,49035,233,98,65,68
1407,7410,49035,230,89,68,53
1407,1655,49034,225,272,48,208
1407,1655,49034,220,250,43,243
1407,1655,49035,225,272,48,208
1407,1655,49035,220,250,43,243
1407,1059,49034,344,323,10,206
1407,1059,49034,378,275,24,200
1407,1059,49035,344,323,10,206
1407,1059,49035,378,275,24,200
1407,14575,49034,561,592,105,527
1407,14575,49034,586,567,140,402
1407,14575,49035,561,592,105,527
1407,14575,49035,586,567,140,402
1407,5891,49034,1713,583,104,572
1407,5891,49034,1643,659,128,513
1407,5891,49035,1713,583,104,572
1407,5891,49035,1643,659,128,513
384,1527,37740,54,453,13,357
384,1527,37740,59,453,13,362
384,1527,37741,54,453,13,357
384,1527,37741,59,453,13,362
384,1527,37742,54,453,13,357
384,1527,37742,59,453,13,362
384,14458,37740,800,157,488,205
384,14458,37740,350,205,436,140
384,14458,37740,786,154,542,130
384,14458,37741,800,157,488,205
384,14458,37741,350,205,436,140
384,14458,37741,786,154,542,130
384,14458,37742,800,157,488,205
384,14458,37742,350,205,436,140
384,14458,37742,786,154,542,130
384,2338,37740,816,560,268,426
384,2338,37740,786,612,198,502
384,2338,37741,816,560,268,426
384,2338,37741,786,612,198,502
384,2338,37742,816,560,268,426
384,2338,37742,786,612,198,502
384,14557,37740,156,171,79,161
384,14557,37740,170,137,87,115
384,14557,37741,156,171,79,161
384,14557,37741,170,137,87,115
384,14557,37742,156,171,79,161
384,14557,37742,170,137,87,115
384,18319,37740,68,359,87,284
384,18319,37740,80,356,82,295
384,18319,37741,68,359,87,284
384,18319,37741,80,356,82,295
384,18319,37742,68,359,87,284
384,18319,37742,80,356,82,295
384,15710,37740,810,409,234,406
384,15710,37740,824,393,228,423
384,15710,37741,810,409,234,406
384,15710,37741,824,393,228,423
384,15710,37742,810,409,234,406
384,15710,37742,824,393,228,423
384,10288,37740,757,665,320,490
384,10288,37740,827,578,367,461
384,10288,37741,757,665,320,490
384,10288,37741,827,578,367,461
384,10288,37742,757,665,320,490
384,10288,37742,827,578,367,461
1413,18843,62745,273,329,39,209
1413,18843,62745,270,320,18,216
1413,18843,62746,273,329,39,209
1413,18843,62746,270,320,18,216
918,330100,39356,91,164,71,201
918,330100,39356,77,205,88,185
918,330100,39357,91,164,71,201
918,330100,39357,77,205,88,185
1432,1353,97515,171,122,179,64
1432,1353,97515,162,123,192,52
1432,1353,97516,171,122,179,64
1432,1353,97516,162,123,192,52
1432,1353,97517,171,122,179,64
1432,1353,97517,162,123,192,52
1433,15542,87328,1714,581,457,277
1433,15542,87328,1723,343,476,239
1433,15542,87329,1714,581,457,277
1433,15542,87329,1723,343,476,239
1433,15542,87330,1714,581,457,277
1433,15542,87330,1723,343,476,239
922,13560,52250,322,209,159,252
922,13560,52250,299,223,142,246
922,13560,52251,322,209,159,252
922,13560,52251,299,223,142,246
1450,8817,37291,201,81,37,61
1450,8817,37291,200,80,35,73
1450,8817,37292,201,81,37,61
1450,8817,37292,200,80,35,73
938,667,65585,588,1359,29,700
938,667,65585,629,1067,34,892
938,667,65586,588,1359,29,700
938,667,65586,629,1067,34,892
938,3549,65585,659,669,417,335
938,3549,65585,654,674,339,458
938,3549,65586,659,669,417,335
938,3549,65586,654,674,339,458
938,12319,65585,825,355,276,286
938,12319,65585,829,328,248,305
938,12319,65586,825,355,276,286
938,12319,65586,829,328,248,305
1453,12536,23524,790,475,85,260
1453,12536,23524,700,570,15,405
1453,12536,23526,790,475,85,260
1453,12536,23526,700,570,15,405
1453,12536,23527,790,475,85,260
1453,12536,23527,700,570,15,405
1453,3078,23524,1451,726,414,562
1453,3078,23524,1347,985,518,623
1453,3078,23526,1451,726,414,562
1453,3078,23526,1347,985,518,623
1453,3078,23527,1451,726,414,562
1453,3078,23527,1347,985,518,623
1453,5598,23524,198,113,104,72
1453,5598,23524,216,80,115,51
1453,5598,23526,198,113,104,72
1453,5598,23526,216,80,115,51
1453,5598,23527,198,113,104,72
1453,5598,23527,216,80,115,51
1453,15775,23524,414,581,65,244
1453,15775,23524,17,186,12,110
1453,15775,23524,39,181,31,147
1453,15775,23524,472,473,68,344
1453,15775,23526,414,581,65,244
1453,15775,23526,17,186,12,110
1453,15775,23526,39,181,31,147
1453,15775,23526,472,473,68,344
1453,15775,23527,414,581,65,244
1453,15775,23527,17,186,12,110
1453,15775,23527,39,181,31,147
1453,15775,23527,472,473,68,344
1466,647,65513,532,372,242,233
1466,647,65513,542,336,271,222
1466,647,65514,532,372,242,233
1466,647,65514,542,336,271,222
1466,647,65515,532,372,242,233
1466,647,65515,542,336,271,222
454,11245,85972,34,310,115,324
454,11245,85972,60,258,139,293
454,11245,85973,34,310,115,324
454,11245,85973,60,258,139,293
454,11245,85974,34,310,115,324
454,11245,85974,60,258,139,293
1479,1475,67389,158,111,293,200
1479,1475,67389,78.0,196.0,287.0,460.0
1479,1475,67391,158,111,293,200
1479,1475,67391,78.0,196.0,287.0,460.0
1479,1475,67392,158,111,293,200
1479,1475,67392,78.0,196.0,287.0,460.0
458,13204,87421,52,156,30,117
458,13204,87421,333,247,48,145
458,13204,87421,49,174,42,88
458,13204,87421,340,238,40,155
458,13204,87422,52,156,30,117
458,13204,87422,333,247,48,145
458,13204,87422,49,174,42,88
458,13204,87422,340,238,40,155
458,13204,87423,52,156,30,117
458,13204,87423,333,247,48,145
458,13204,87423,49,174,42,88
458,13204,87423,340,238,40,155
972,1727,68643,1423,594,403,404
972,1727,68643,1454,578,426,411
972,1727,68644,1423,594,403,404
972,1727,68644,1454,578,426,411
465,4982,77360,1632,692,112,769
465,4982,77360,1615,709,138,735
465,4982,77361,1632,692,112,769
465,4982,77361,1615,709,138,735
983,10054,49584,119,82,112,43
983,10054,49584,113,97,97,48
983,10054,49585,119,82,112,43
983,10054,49585,113,97,97,48
1500,2489,70315,1355,468,530,448
1500,2489,70315,1172,678,521,357
1500,2489,70316,1355,468,530,448
1500,2489,70316,1172,678,521,357
1506,16082,53358,548,450,277,330
1506,16082,53358,563,403,307,267
1506,16082,53359,548,450,277,330
1506,16082,53359,563,403,307,267
997,16434,86869,378,1020,0,665
997,16434,86869,1340,6,612,6
997,16434,86869,431,916,0,618
997,16434,86870,378,1020,0,665
997,16434,86870,1340,6,612,6
997,16434,86870,431,916,0,618
1512,14117,89708,795,555,770,1130
1512,14117,89708,1185,225,665,645
1512,14117,89709,795,555,770,1130
1512,14117,89709,1185,225,665,645
1512,14117,89710,795,555,770,1130
1512,14117,89710,1185,225,665,645
489,4862,26088,972,443,293,330
489,4862,26088,952,464,252,376
489,4862,26089,972,443,293,330
489,4862,26089,952,464,252,376
489,98617,26088,1064,835,562,588
489,98617,26088,971,1159,783,324
489,98617,26089,1064,835,562,588
489,98617,26089,971,1159,783,324
1010,2408,60977,950,408,722,304
1010,2408,60977,961,403,740,315
1010,2408,60978,950,408,722,304
1010,2408,60978,961,403,740,315
504,98715,48403,700,696,84,491
504,98715,48403,658,754,68,544
504,98715,48404,700,696,84,491
504,98715,48404,658,754,68,544
510,11006,85146,151,215,31,152
510,11006,85146,640,423,8,392
510,11006,85146,182,140,11,149
510,11006,85147,151,215,31,152
510,11006,85147,640,423,8,392
510,11006,85147,182,140,11,149
510,11006,85148,151,215,31,152
510,11006,85148,640,423,8,392
510,11006,85148,182,140,11,149
510,11006,85149,151,215,31,152
510,11006,85149,640,423,8,392
510,11006,85149,182,140,11,149
