cons,shop
7647,36520
7647,36521
7647,36522
7647,36523
7647,36524
7775,36520
7775,36521
7775,36522
7775,36523
7775,36524
2563,39100
2563,39101
2563,39102
2563,39103
2563,39104
9675,39100
9675,39101
9675,39102
9675,39103
9675,39104
12475,39100
12475,39101
12475,39102
12475,39103
12475,39104
10426,39100
10426,39101
10426,39102
10426,39103
10426,39104
14364,39100
14364,39101
14364,39102
14364,39103
14364,39104
5994,39100
5994,39101
5994,39102
5994,39103
5994,39104
9128,39100
9128,39101
9128,39102
9128,39103
9128,39104
11930,43240
11930,43241
11930,43242
11930,43243
11930,43244
11930,43245
1010,54991
1010,54992
1010,54993
1010,54994
4644,54991
4644,54992
4644,54993
4644,54994
18127,62059
18127,62060
18127,62061
18127,62062
18127,62063
18127,62064
722,53870
722,53871
722,53872
722,53873
722,53874
11791,86649
11791,86650
11791,86651
11791,86652
11791,86653
11791,86654
11791,86655
11791,86649
11791,86650
11791,86651
11791,86652
11791,86653
11791,86654
11791,86655
11791,86649
11791,86650
11791,86651
11791,86652
11791,86653
11791,86654
11791,86655
12219,39265
12219,39266
12219,39267
12219,39268
12219,39269
12219,39270
4877,39265
4877,39266
4877,39267
4877,39268
4877,39269
4877,39270
16353,39265
16353,39266
16353,39267
16353,39268
16353,39269
16353,39270
10761,39265
10761,39266
10761,39267
10761,39268
10761,39269
10761,39270
98524,38948
98524,38949
98524,38950
98524,38951
98524,38952
7028,31372
7028,31373
7028,31374
7028,31375
7028,31376
7028,31377
7954,31372
7954,31373
7954,31374
7954,31375
7954,31376
7954,31377
2247,58872
2247,58873
2247,58874
2247,58875
1716,58872
1716,58873
1716,58874
1716,58875
11904,39056
11904,39057
11904,39058
11904,39059
11904,39060
11904,97316
17868,39056
17868,39057
17868,39058
17868,39059
17868,39060
17868,97316
14989,39056
14989,39057
14989,39058
14989,39059
14989,39060
14989,97316
16454,39056
16454,39057
16454,39058
16454,39059
16454,39060
16454,97316
3283,39056
3283,39057
3283,39058
3283,39059
3283,39060
3283,97316
10123,39056
10123,39057
10123,39058
10123,39059
10123,39060
10123,97316
9161,39056
9161,39057
9161,39058
9161,39059
9161,39060
9161,97316
4890,39056
4890,39057
4890,39058
4890,39059
4890,39060
4890,97316
150,39056
150,39057
150,39058
150,39059
150,39060
150,97316
4550,39056
4550,39057
4550,39058
4550,39059
4550,39060
4550,97316
2238,39056
2238,39057
2238,39058
2238,39059
2238,39060
2238,97316
15209,39056
15209,39057
15209,39058
15209,39059
15209,39060
15209,97316
10086,39056
10086,39057
10086,39058
10086,39059
10086,39060
10086,97316
16496,39056
16496,39057
16496,39058
16496,39059
16496,39060
16496,97316
11452,39056
11452,39057
11452,39058
11452,39059
11452,39060
11452,97316
13058,39056
13058,39057
13058,39058
13058,39059
13058,39060
13058,97316
6571,39056
6571,39057
6571,39058
6571,39059
6571,39060
6571,97316
16911,39056
16911,39057
16911,39058
16911,39059
16911,39060
16911,97316
6251,39056
6251,39057
6251,39058
6251,39059
6251,39060
6251,97316
17708,39056
17708,39057
17708,39058
17708,39059
17708,39060
17708,97316
13027,39056
13027,39057
13027,39058
13027,39059
13027,39060
13027,97316
15842,39056
15842,39057
15842,39058
15842,39059
15842,39060
15842,97316
4890,39056
4890,39057
4890,39058
4890,39059
4890,39060
4890,97316
7486,39056
7486,39057
7486,39058
7486,39059
7486,39060
7486,97316
4078,39056
4078,39057
4078,39058
4078,39059
4078,39060
4078,97316
534,39056
534,39057
534,39058
534,39059
534,39060
534,97316
13262,39056
13262,39057
13262,39058
13262,39059
13262,39060
13262,97316
7785,75087
7785,75088
7785,75089
7785,75090
7785,75091
4679,75087
4679,75088
4679,75089
4679,75090
4679,75091
4679,75087
4679,75088
4679,75089
4679,75090
4679,75091
5607,77776
5607,77778
5607,77779
5607,77780
5607,77781
13422,90362
13422,90363
13422,90364
13422,90365
13422,90366
13422,90367
5112,39813
5112,39814
5112,39815
5112,39816
13370,39813
13370,39814
13370,39815
13370,39816
9026,84187
9026,84188
9026,84189
9026,84190
9026,84191
9026,84192
9026,84193
5984,29637
5984,29638
5984,29639
5984,29640
5984,29641
5984,29642
17703,29637
17703,29638
17703,29639
17703,29640
17703,29641
17703,29642
9588,29637
9588,29638
9588,29639
9588,29640
9588,29641
9588,29642
7245,29637
7245,29638
7245,29639
7245,29640
7245,29641
7245,29642
18184,29637
18184,29638
18184,29639
18184,29640
18184,29641
18184,29642
9138,29637
9138,29638
9138,29639
9138,29640
9138,29641
9138,29642
8401,38992
8401,38993
8401,38994
8401,38995
8401,38996
8401,38997
8401,38998
8798,38992
8798,38993
8798,38994
8798,38995
8798,38996
8798,38997
8798,38998
1751,58790
1751,58791
1751,58792
1751,58794
1751,58796
1751,58798
1751,58800
2038,58790
2038,58791
2038,58792
2038,58794
2038,58796
2038,58798
2038,58800
18203,59584
18203,59586
18203,59587
18203,59588
103,62115
103,62116
103,62117
103,62118
103,62119
3628,73602
3628,73603
3628,73604
3628,73605
3628,73606
3628,73607
3628,73608
13432,73602
13432,73603
13432,73604
13432,73605
13432,73606
13432,73607
13432,73608
1785,49262
1785,49263
1785,49264
1785,49265
1785,49266
1565,49262
1565,49263
1565,49264
1565,49265
1565,49266
18210,88362
18210,88363
18210,88364
18210,88365
18210,88366
18210,88367
18210,88368
9215,83354
9215,83355
9215,83356
9215,83357
11899,86015
11899,86016
11899,86017
11899,86018
11899,86019
11899,86020
15748,52830
15748,52831
15748,52832
15748,52833
15748,52834
15748,52835
15342,51898
15342,51899
15342,51900
15342,51902
11644,63481
11644,63483
11644,63485
11644,63486
11644,63487
11644,63488
3233,63481
3233,63483
3233,63485
3233,63486
3233,63487
3233,63488
15459,63481
15459,63483
15459,63485
15459,63486
15459,63487
15459,63488
14286,63481
14286,63483
14286,63485
14286,63486
14286,63487
14286,63488
10872,63481
10872,63483
10872,63485
10872,63486
10872,63487
10872,63488
5522,63481
5522,63483
5522,63485
5522,63486
5522,63487
5522,63488
9127,51236
9127,51237
9127,51238
9127,51239
9127,51240
16232,51236
16232,51237
16232,51238
16232,51239
16232,51240
15857,86487
15857,86488
15857,86489
15857,86490
15857,86491
18309,56842
18309,56843
18309,56844
18309,56845
18309,56846
2825,71485
2825,71486
2825,71487
2825,71488
2825,71489
13048,53383
13048,53384
13048,53385
13048,53387
2407,51797
2407,51798
2407,51799
2407,51800
12984,40071
12984,40072
12984,40073
12984,40074
12984,40075
330151,40071
330151,40072
330151,40073
330151,40074
330151,40075
14330,51010
14330,51012
14330,51013
14330,51014
14330,51015
14330,97291
5611,51010
5611,51012
5611,51013
5611,51014
5611,51015
5611,97291
4227,51010
4227,51012
4227,51013
4227,51014
4227,51015
4227,97291
11189,51010
11189,51012
11189,51013
11189,51014
11189,51015
11189,97291
13251,51010
13251,51012
13251,51013
13251,51014
13251,51015
13251,97291
6941,51010
6941,51012
6941,51013
6941,51014
6941,51015
6941,97291
8995,51010
8995,51012
8995,51013
8995,51014
8995,51015
8995,97291
3489,51010
3489,51012
3489,51013
3489,51014
3489,51015
3489,97291
2265,51010
2265,51012
2265,51013
2265,51014
2265,51015
2265,97291
9133,51010
9133,51012
9133,51013
9133,51014
9133,51015
9133,97291
6426,51010
6426,51012
6426,51013
6426,51014
6426,51015
6426,97291
4227,51010
4227,51012
4227,51013
4227,51014
4227,51015
4227,97291
3489,51010
3489,51012
3489,51013
3489,51014
3489,51015
3489,97291
8089,51010
8089,51012
8089,51013
8089,51014
8089,51015
8089,97291
1509,67430
1509,67431
1509,67432
1509,67433
4905,75305
4905,75306
4905,75307
4905,75308
11019,45901
11019,45903
11019,45904
11019,45905
11019,45906
12085,45901
12085,45903
12085,45904
12085,45905
12085,45906
98739,100504
98739,100506
98739,100507
98739,100508
98739,100509
98739,100510
98739,100511
12519,52100
12519,52102
12519,52104
12519,52105
12519,52106
12519,52107
12519,52108
12519,52109
12519,52110
12519,52111
14660,88385
14660,88386
14660,88387
14660,88388
14349,90582
14349,90583
14349,90584
14349,90585
14349,90586
6802,77668
6802,77669
6802,77671
6802,77672
6802,77673
5053,77668
5053,77669
5053,77671
5053,77672
5053,77673
12695,52494
12695,52495
12695,52496
12695,52497
12695,52498
12695,52499
12695,52500
12695,52501
2668,51376
2668,51377
2668,51378
2668,51379
2668,51380
16881,86319
16881,86320
16881,86321
16881,86322
16881,86323
16881,86324
8570,51703
8570,51704
8570,51705
8570,51706
1733,67774
1733,67775
1733,67776
1733,67777
1733,67778
1733,67779
16416,67774
16416,67775
16416,67776
16416,67777
16416,67778
16416,67779
18015,22689
18015,22690
18015,22691
18015,22692
13880,22689
13880,22690
13880,22691
13880,22692
13880,22689
13880,22690
13880,22691
13880,22692
4388,22689
4388,22690
4388,22691
4388,22692
2770,22689
2770,22690
2770,22691
2770,22692
13547,22689
13547,22690
13547,22691
13547,22692
13547,22689
13547,22690
13547,22691
13547,22692
13633,22689
13633,22690
13633,22691
13633,22692
15924,22689
15924,22690
15924,22691
15924,22692
12092,85684
12092,85685
12092,85686
12092,85687
8556,68264
8556,68265
8556,68266
8556,68267
8556,68268
8556,68269
8556,68270
8556,68272
4264,68264
4264,68265
4264,68266
4264,68267
4264,68268
4264,68269
4264,68270
4264,68272
98636,68264
98636,68265
98636,68266
98636,68267
98636,68268
98636,68269
98636,68270
98636,68272
4264,68264
4264,68265
4264,68266
4264,68267
4264,68268
4264,68269
4264,68270
4264,68272
1631,68264
1631,68265
1631,68266
1631,68267
1631,68268
1631,68269
1631,68270
1631,68272
16510,88774
16510,88775
16510,88776
16510,88777
16510,88778
16510,88779
14999,89871
14999,89872
14999,89873
14999,89874
11849,86680
11849,86681
11849,86682
11849,86683
11849,86684
11849,86685
11849,86686
10847,44420
10847,44421
10847,44422
10847,44423
10847,44424
10847,98030
10499,44420
10499,44421
10499,44422
10499,44423
10499,44424
10499,98030
15031,89879
15031,89880
15031,89881
15031,89882
15031,89883
15031,89884
15031,89885
17398,58562
17398,58563
17398,58564
17398,58566
17398,58568
11448,86520
11448,86521
11448,86522
11448,86523
11448,86524
11448,86525
13403,86520
13403,86521
13403,86522
13403,86523
13403,86524
13403,86525
330107,51142
330107,51143
330107,51144
330107,51145
330107,51142
330107,51143
330107,51144
330107,51145
330107,51142
330107,51143
330107,51144
330107,51145
16887,57847
16887,57848
16887,57849
16887,57850
10593,45807
10593,45808
10593,45809
10593,45810
10593,45807
10593,45808
10593,45809
10593,45810
10593,45807
10593,45808
10593,45809
10593,45810
13243,54136
13243,54137
13243,54138
13243,54139
6412,31800
6412,31801
6412,31802
6412,31803
6412,31804
380,63905
380,63906
380,63907
380,63908
380,63909
380,63910
380,63911
380,63912
380,63913
9839,43386
9839,43387
9839,43388
9839,43389
9839,98013
16037,53324
16037,53325
16037,53326
16037,53327
16037,53328
15566,49818
15566,49820
15566,49822
15566,49824
15566,49825
15566,97287
10874,49818
10874,49820
10874,49822
10874,49824
10874,49825
10874,97287
16524,49818
16524,49820
16524,49822
16524,49824
16524,49825
16524,97287
5191,49818
5191,49820
5191,49822
5191,49824
5191,49825
5191,97287
15736,49818
15736,49820
15736,49822
15736,49824
15736,49825
15736,97287
7166,49818
7166,49820
7166,49822
7166,49824
7166,49825
7166,97287
10394,49818
10394,49820
10394,49822
10394,49824
10394,49825
10394,97287
9298,49818
9298,49820
9298,49822
9298,49824
9298,49825
9298,97287
11332,49818
11332,49820
11332,49822
11332,49824
11332,49825
11332,97287
3960,49818
3960,49820
3960,49822
3960,49824
3960,49825
3960,97287
13961,86760
13961,86762
13961,86764
13961,86765
13961,86767
13961,86769
2393,70382
2393,70384
2393,70386
2393,70388
17898,70382
17898,70384
17898,70386
17898,70388
3888,40467
3888,40469
3888,40471
3888,40472
3888,97293
12099,40467
12099,40469
12099,40471
12099,40472
12099,97293
16344,40467
16344,40469
16344,40471
16344,40472
16344,97293
11710,40467
11710,40469
11710,40471
11710,40472
11710,97293
4474,40467
4474,40469
4474,40471
4474,40472
4474,97293
16813,40467
16813,40469
16813,40471
16813,40472
16813,97293
14326,40467
14326,40469
14326,40471
14326,40472
14326,97293
11710,40467
11710,40469
11710,40471
11710,40472
11710,97293
1858,69028
1858,69029
1858,69030
1858,69031
4441,40020
4441,40021
4441,40022
4441,40024
1213,40020
1213,40021
1213,40022
1213,40024
7402,35146
7402,35147
7402,35148
7402,35149
7402,35150
7402,97876
330100,49191
330100,49192
330100,49193
330100,49194
330100,49195
330100,49196
251521,83426
251521,83427
251521,83428
251521,83429
98459,83426
98459,83427
98459,83428
98459,83429
98459,83426
98459,83427
98459,83428
98459,83429
8717,82722
8717,82723
8717,82724
8717,82725
8717,82726
8717,82722
8717,82723
8717,82724
8717,82725
8717,82726
4466,26379
4466,26380
4466,26381
4466,26382
4466,26384
7176,80847
7176,80848
7176,80849
7176,80850
7176,80851
7176,80852
7176,80853
7176,97633
7176,80847
7176,80848
7176,80849
7176,80850
7176,80851
7176,80852
7176,80853
7176,97633
3957,74163
3957,74164
3957,74165
3957,74166
3957,74167
12151,86128
12151,86129
12151,86130
12151,86131
12151,86132
12151,86133
17077,81153
17077,81154
17077,81155
17077,81156
17077,81157
17077,81158
7477,81153
7477,81154
7477,81155
7477,81156
7477,81157
7477,81158
4254,23641
4254,23643
4254,23644
4254,23645
4254,23646
4254,23647
4254,23648
8522,83787
8522,83788
8522,83789
8522,83790
12038,85945
12038,85946
12038,85947
12038,85948
2670,61258
2670,61259
2670,61260
2670,61261
2670,61262
17554,88241
17554,88242
17554,88243
17554,88244
5121,75716
5121,75717
5121,75718
5121,75719
5121,75720
5121,75721
2991,50189
2991,50190
2991,50191
2991,50192
13160,89513
13160,89514
13160,89515
13160,89516
13160,89517
13160,89518
13160,89519
6377,80723
6377,80724
6377,80725
6377,80726
3736,73896
3736,73897
3736,73898
3736,73899
3736,73900
3736,73901
14764,54898
14764,54899
14764,54900
14764,54901
14764,54902
14764,54903
14764,54898
14764,54899
14764,54900
14764,54901
14764,54902
14764,54903
7091,34299
7091,34300
7091,34301
7091,34302
7091,34303
7091,34304
1396,68146
1396,68147
1396,68148
1396,68149
1396,68150
18856,88350
18856,88351
18856,88352
18856,88353
17332,30439
17332,30440
17332,30442
17332,30443
6697,30439
6697,30440
6697,30442
6697,30443
6274,78226
6274,78227
6274,78228
6274,78229
6274,78230
6274,78231
2281,38819
2281,38821
2281,38823
2281,38825
2281,38826
2281,97289
16852,38819
16852,38821
16852,38823
16852,38825
16852,38826
16852,97289
11950,38819
11950,38821
11950,38823
11950,38825
11950,38826
11950,97289
8984,82450
8984,82451
8984,82452
8984,82453
8984,82454
8984,82455
12481,49392
12481,49393
12481,49394
12481,49395
12481,49396
12481,49397
5312,23606
5312,23607
5312,23608
5312,23609
5312,23610
5312,23611
3499,23606
3499,23607
3499,23608
3499,23609
3499,23610
3499,23611
18365,71049
18365,71050
18365,71051
18365,71052
18365,71053
18365,71054
2122,71049
2122,71050
2122,71051
2122,71052
2122,71053
2122,71054
2551,71049
2551,71050
2551,71051
2551,71052
2551,71053
2551,71054
8978,71049
8978,71050
8978,71051
8978,71052
8978,71053
8978,71054
7324,34639
7324,34640
7324,34641
7324,34642
7324,34643
7324,34644
7324,34645
617,52929
617,52931
617,52933
617,52935
617,52937
617,52938
10436,84036
10436,84037
10436,84038
10436,84039
8811,84036
8811,84037
8811,84038
8811,84039
9847,66303
9847,66304
9847,66305
9847,66306
9847,66307
9847,66308
9847,66309
9847,97474
9847,97475
9847,97476
904,66303
904,66304
904,66305
904,66306
904,66307
904,66308
904,66309
904,97474
904,97475
904,97476
98639,66303
98639,66304
98639,66305
98639,66306
98639,66307
98639,66308
98639,66309
98639,97474
98639,97475
98639,97476
6540,66303
6540,66304
6540,66305
6540,66306
6540,66307
6540,66308
6540,66309
6540,97474
6540,97475
6540,97476
2657,66303
2657,66304
2657,66305
2657,66306
2657,66307
2657,66308
2657,66309
2657,97474
2657,97475
2657,97476
7016,66303
7016,66304
7016,66305
7016,66306
7016,66307
7016,66308
7016,66309
7016,97474
7016,97475
7016,97476
904,66303
904,66304
904,66305
904,66306
904,66307
904,66308
904,66309
904,97474
904,97475
904,97476
330207,66303
330207,66304
330207,66305
330207,66306
330207,66307
330207,66308
330207,66309
330207,97474
330207,97475
330207,97476
9847,66303
9847,66304
9847,66305
9847,66306
9847,66307
9847,66308
9847,66309
9847,97474
9847,97475
9847,97476
17241,66303
17241,66304
17241,66305
17241,66306
17241,66307
17241,66308
17241,66309
17241,97474
17241,97475
17241,97476
329842,66303
329842,66304
329842,66305
329842,66306
329842,66307
329842,66308
329842,66309
329842,97474
329842,97475
329842,97476
6975,33882
6975,33883
6975,33884
6975,33885
6975,33886
6975,33887
6029,78475
6029,78476
6029,78477
6029,78478
6029,78479
6029,78480
6029,78481
10341,45006
10341,45007
10341,45008
10341,45009
10341,45010
10341,45011
11006,85821
11006,85822
11006,85823
11006,85824
11006,85825
11006,85826
11006,98000
11006,85821
11006,85822
11006,85823
11006,85824
11006,85825
11006,85826
11006,98000
8567,82604
8567,82605
8567,82606
8567,82607
8567,82608
8567,82609
8567,97678
18115,59254
18115,59255
18115,59256
18115,59257
18115,59258
18265,59254
18265,59255
18265,59256
18265,59257
18265,59258
16304,87561
16304,87562
16304,87563
16304,87564
16304,87565
9458,42349
9458,42350
9458,42351
9458,42353
9458,42355
9458,42357
5612,29806
5612,29807
5612,29808
5612,29809
5612,29810
5612,29811
5612,29812
2803,71250
2803,71251
2803,71252
2803,71253
2803,71254
2803,71255
2803,71256
13613,81829
13613,81830
13613,81831
13613,81832
13613,81833
13613,81834
13613,81835
8803,81829
8803,81830
8803,81831
8803,81832
8803,81833
8803,81834
8803,81835
7903,81829
7903,81830
7903,81831
7903,81832
7903,81833
7903,81834
7903,81835
2383,40350
2383,40351
2383,40352
2383,40353
2383,40354
15381,40350
15381,40351
15381,40352
15381,40353
15381,40354
4123,51975
4123,51976
4123,51977
4123,51978
7722,51975
7722,51976
7722,51977
7722,51978
9208,51975
9208,51976
9208,51977
9208,51978
8428,51975
8428,51976
8428,51977
8428,51978
16737,51975
16737,51976
16737,51977
16737,51978
6361,51975
6361,51976
6361,51977
6361,51978
10906,85079
10906,85080
10906,85081
10906,85082
10906,85083
10906,85084
10906,85085
330410,51725
330410,51726
330410,51727
330410,51728
9233,51725
9233,51726
9233,51727
9233,51728
11256,85284
11256,85285
11256,85286
11256,85287
11256,85288
11256,85289
3196,38920
3196,38923
3196,38926
3196,38929
4833,38920
4833,38923
4833,38926
4833,38929
6108,38920
6108,38923
6108,38926
6108,38929
329906,38920
329906,38923
329906,38926
329906,38929
8264,38920
8264,38923
8264,38926
8264,38929
329906,38920
329906,38923
329906,38926
329906,38929
4519,38920
4519,38923
4519,38926
4519,38929
239,38920
239,38923
239,38926
239,38929
14193,54119
14193,54121
14193,54122
14193,54123
12067,50650
12067,50651
12067,50652
12067,98059
12067,98060
10936,60171
10936,60172
10936,60173
10936,60175
10936,60177
16469,60171
16469,60172
16469,60173
16469,60175
16469,60177
7440,60171
7440,60172
7440,60173
7440,60175
7440,60177
1990,60171
1990,60172
1990,60173
1990,60175
1990,60177
5971,60171
5971,60172
5971,60173
5971,60175
5971,60177
6561,39197
6561,39198
6561,39199
6561,39200
6561,39201
6561,39202
13281,39197
13281,39198
13281,39199
13281,39200
13281,39201
13281,39202
15498,39197
15498,39198
15498,39199
15498,39200
15498,39201
15498,39202
6165,28810
6165,28811
6165,28812
6165,28813
6165,28814
6165,28815
11798,28810
11798,28811
11798,28812
11798,28813
11798,28814
11798,28815
8927,82997
8927,82998
8927,82999
8927,83000
1952,59302
1952,59303
1952,59304
1952,59305
1952,59306
8054,34074
8054,34075
8054,34076
8054,34077
8054,34078
18146,34074
18146,34075
18146,34076
18146,34077
18146,34078
5394,77169
5394,77170
5394,77171
5394,77172
5394,77173
5394,77174
13230,46863
13230,46865
13230,46867
13230,46869
13230,46870
13230,46871
13230,46863
13230,46865
13230,46867
13230,46869
13230,46870
13230,46871
18119,56223
18119,56224
18119,56225
18119,56226
11623,51278
11623,51279
11623,51281
11623,51283
11623,51285
8433,51278
8433,51279
8433,51281
8433,51283
8433,51285
330069,51278
330069,51279
330069,51281
330069,51283
330069,51285
16027,51278
16027,51279
16027,51281
16027,51283
16027,51285
14494,51278
14494,51279
14494,51281
14494,51283
14494,51285
12381,51278
12381,51279
12381,51281
12381,51283
12381,51285
4134,51278
4134,51279
4134,51281
4134,51283
4134,51285
5733,51278
5733,51279
5733,51281
5733,51283
5733,51285
10228,51278
10228,51279
10228,51281
10228,51283
10228,51285
7081,51278
7081,51279
7081,51281
7081,51283
7081,51285
11820,56740
11820,56741
11820,56742
11820,56743
1222,56740
1222,56741
1222,56742
1222,56743
12301,56740
12301,56741
12301,56742
12301,56743
5564,56740
5564,56741
5564,56742
5564,56743
12301,56740
12301,56741
12301,56742
12301,56743
363605,51428
363605,51429
363605,51431
363605,51432
677,65637
677,65638
677,65639
677,65640
677,65641
13770,62107
13770,62108
13770,62109
13770,62110
2660,62107
2660,62108
2660,62109
2660,62110
12696,52547
12696,52548
12696,52549
12696,52550
12696,52551
12696,52552
12696,52553
1378,67015
1378,67016
1378,67018
1378,67019
3524,24661
3524,24662
3524,24663
3524,24664
3524,24665
3524,24666
9862,77390
9862,77391
9862,77392
9862,77394
9862,77396
9862,77398
9862,77400
5907,77390
5907,77391
5907,77392
5907,77394
5907,77396
5907,77398
5907,77400
363660,364419
363660,364420
363660,364421
363660,364422
363660,364423
363660,364424
9528,38941
9528,38942
9528,38943
9528,38944
9528,38946
15889,38941
15889,38942
15889,38943
15889,38944
15889,38946
16404,38941
16404,38942
16404,38943
16404,38944
16404,38946
4818,38941
4818,38942
4818,38943
4818,38944
4818,38946
1866,38941
1866,38942
1866,38943
1866,38944
1866,38946
2423,38941
2423,38942
2423,38943
2423,38944
2423,38946
8901,38941
8901,38942
8901,38943
8901,38944
8901,38946
3248,38941
3248,38942
3248,38943
3248,38944
3248,38946
2382,38941
2382,38942
2382,38943
2382,38944
2382,38946
3459,51392
3459,51393
3459,51394
3459,51395
3459,51396
3459,97292
8433,51392
8433,51393
8433,51394
8433,51395
8433,51396
8433,97292
8596,51392
8596,51393
8596,51394
8596,51395
8596,51396
8596,97292
11786,51392
11786,51393
11786,51394
11786,51395
11786,51396
11786,97292
5330,51392
5330,51393
5330,51394
5330,51395
5330,51396
5330,97292
363719,51392
363719,51393
363719,51394
363719,51395
363719,51396
363719,97292
16052,51392
16052,51393
16052,51394
16052,51395
16052,51396
16052,97292
363719,51392
363719,51393
363719,51394
363719,51395
363719,51396
363719,97292
4228,51392
4228,51393
4228,51394
4228,51395
4228,51396
4228,97292
5931,78556
5931,78557
5931,78558
5931,78559
5931,78560
5931,78561
7154,34535
7154,34537
7154,34538
7154,34539
7154,34540
7154,34541
10586,34535
10586,34537
10586,34538
10586,34539
10586,34540
10586,34541
10586,34535
10586,34537
10586,34538
10586,34539
10586,34540
10586,34541
11409,34535
11409,34537
11409,34538
11409,34539
11409,34540
11409,34541
8285,82297
8285,82298
8285,82299
8285,82300
8285,82301
8285,82302
8285,97666
4543,49054
4543,49055
4543,49056
4543,49057
13659,89626
13659,89627
13659,89628
13659,89629
13659,89630
13659,89631
1728,67494
1728,67495
1728,67496
1728,67497
8121,67494
8121,67495
8121,67496
8121,67497
1492,67494
1492,67495
1492,67496
1492,67497
2478,21898
2478,21899
2478,21900
2478,21902
2478,21904
9534,84631
9534,84632
9534,84633
9534,84634
9534,84635
12464,84631
12464,84632
12464,84633
12464,84634
12464,84635
12464,84631
12464,84632
12464,84633
12464,84634
12464,84635
10708,84631
10708,84632
10708,84633
10708,84634
10708,84635
4345,40172
4345,40173
4345,40174
4345,40175
4345,40176
4345,40177
330355,40172
330355,40173
330355,40174
330355,40175
330355,40176
330355,40177
18060,40172
18060,40173
18060,40174
18060,40175
18060,40176
18060,40177
689,40172
689,40173
689,40174
689,40175
689,40176
689,40177
13476,40172
13476,40173
13476,40174
13476,40175
13476,40176
13476,40177
12117,40172
12117,40173
12117,40174
12117,40175
12117,40176
12117,40177
18432,40172
18432,40173
18432,40174
18432,40175
18432,40176
18432,40177
10404,40172
10404,40173
10404,40174
10404,40175
10404,40176
10404,40177
10239,40172
10239,40173
10239,40174
10239,40175
10239,40176
10239,40177
2390,40172
2390,40173
2390,40174
2390,40175
2390,40176
2390,40177
17212,40172
17212,40173
17212,40174
17212,40175
17212,40176
17212,40177
8126,40172
8126,40173
8126,40174
8126,40175
8126,40176
8126,40177
11147,40172
11147,40173
11147,40174
11147,40175
11147,40176
11147,40177
1448,40172
1448,40173
1448,40174
1448,40175
1448,40176
1448,40177
10819,40172
10819,40173
10819,40174
10819,40175
10819,40176
10819,40177
1051,40172
1051,40173
1051,40174
1051,40175
1051,40176
1051,40177
7919,40172
7919,40173
7919,40174
7919,40175
7919,40176
7919,40177
9488,40172
9488,40173
9488,40174
9488,40175
9488,40176
9488,40177
17742,40172
17742,40173
17742,40174
17742,40175
17742,40176
17742,40177
11426,40172
11426,40173
11426,40174
11426,40175
11426,40176
11426,40177
6996,80540
6996,80541
6996,80542
6996,80543
6996,80544
14056,80540
14056,80541
14056,80542
14056,80543
14056,80544
7484,35731
7484,35732
7484,35733
4770,38980
4770,38981
4770,38982
4770,38983
4770,38984
8860,38980
8860,38981
8860,38982
8860,38983
8860,38984
5799,27433
5799,27434
5799,27435
5799,27437
5799,27439
5799,27441
960,57709
960,57710
960,57711
960,57712
960,57713
960,57714
5745,30250
5745,30251
5745,30252
5745,30253
5745,30255
5745,30257
5745,30259
6348,30250
6348,30251
6348,30252
6348,30253
6348,30255
6348,30257
6348,30259
6037,80176
6037,80177
6037,80178
6037,80179
6037,80180
6037,80181
6037,80182
8288,82235
8288,82236
8288,82237
8288,82238
15940,62788
15940,62789
15940,62790
15940,62791
15530,87317
15530,87318
15530,87319
15530,87320
15530,87321
15530,87322
2335,70183
2335,70184
2335,70185
2335,70186
2335,70187
2335,70188
16866,87708
16866,87709
16866,87710
16866,87711
16866,87712
16866,87713
9230,84418
9230,84419
9230,84420
9230,84421
11100,29520
11100,29521
11100,29522
11100,29523
11100,29524
11100,29525
6630,29520
6630,29521
6630,29522
6630,29523
6630,29524
6630,29525
3471,51210
3471,51213
3471,51215
3471,51217
3471,51218
16730,51210
16730,51213
16730,51215
16730,51217
16730,51218
15572,45473
15572,45474
15572,45475
15572,45476
15572,45477
15572,45478
10729,45473
10729,45474
10729,45475
10729,45476
10729,45477
10729,45478
14429,34794
14429,34795
14429,34796
14429,34797
14429,34798
14429,34799
7360,34794
7360,34795
7360,34796
7360,34797
7360,34798
7360,34799
3306,73454
3306,73455
3306,73456
3306,73457
3306,73458
5646,29893
5646,29894
5646,29895
5646,29896
5646,29897
13951,29893
13951,29894
13951,29895
13951,29896
13951,29897
989,49578
989,49579
989,49580
989,49581
989,49582
989,49583
2701,71145
2701,71146
2701,71147
2701,71148
2871,62723
2871,62724
2871,62725
2871,62726
2871,62727
2871,62728
2871,62729
1063,56160
1063,56161
1063,56162
1063,56163
1063,56164
1063,56165
10878,84984
10878,84985
10878,84986
10878,84987
10878,84988
10878,84989
10947,84984
10947,84985
10947,84986
10947,84987
10947,84988
10947,84989
10945,84984
10945,84985
10945,84986
10945,84987
10945,84988
10945,84989
11008,84984
11008,84985
11008,84986
11008,84987
11008,84988
11008,84989
98773,100587
98773,100588
98773,100589
98773,100590
98773,100591
98773,100592
98773,100593
98773,100594
7889,62396
7889,62397
7889,62398
7889,62399
7889,62400
7889,62401
14184,89719
14184,89720
14184,89721
14184,89722
14184,89723
11346,46773
11346,46774
11346,46775
11346,46776
8245,62415
8245,62416
8245,62417
8245,62418
8245,62419
9540,38673
9540,38674
9540,38675
9540,38676
13240,38673
13240,38674
13240,38675
13240,38676
7871,36529
7871,36530
7871,36531
7871,36533
7871,36534
10454,36529
10454,36530
10454,36531
10454,36533
10454,36534
4931,75000
4931,75001
4931,75003
4931,75005
4931,75007
4931,75009
4412,75000
4412,75001
4412,75003
4412,75005
4412,75007
4412,75009
6709,75000
6709,75001
6709,75003
6709,75005
6709,75007
6709,75009
10694,75000
10694,75001
10694,75003
10694,75005
10694,75007
10694,75009
13974,38964
13974,38965
13974,38966
13974,38967
13974,38968
13974,38969
13974,38970
10032,38964
10032,38965
10032,38966
10032,38967
10032,38968
10032,38969
10032,38970
98488,100365
98488,100366
98488,100367
98488,100369
15877,65883
15877,65884
15877,65885
15877,65886
15877,65883
15877,65884
15877,65885
15877,65886
10036,20918
10036,20919
10036,20920
10036,20921
10036,20922
10036,20923
17727,65662
17727,65664
17727,65665
17727,65666
17727,65667
17727,65668
17727,65669
879,65662
879,65664
879,65665
879,65666
879,65667
879,65668
879,65669
9280,65662
9280,65664
9280,65665
9280,65666
9280,65667
9280,65668
9280,65669
3238,65662
3238,65664
3238,65665
3238,65666
3238,65667
3238,65668
3238,65669
4413,23147
4413,23148
4413,23149
4413,23150
4413,23151
4413,23152
2844,23147
2844,23148
2844,23149
2844,23150
2844,23151
2844,23152
12124,37936
12124,37937
12124,37938
12124,37939
12124,37940
12124,37941
12124,37942
8289,37936
8289,37937
8289,37938
8289,37939
8289,37940
8289,37941
8289,37942
5510,79003
5510,79004
5510,79005
5510,79006
5510,79007
5510,79008
9565,79003
9565,79004
9565,79005
9565,79006
9565,79007
9565,79008
697,97346
697,97347
697,97348
697,97349
697,97350
697,97351
697,97352
9759,42843
9759,42845
9759,42847
9759,42849
9759,42850
9759,42851
11928,85892
11928,85893
11928,85894
11928,85895
11928,85896
9242,40292
9242,40294
9242,40295
9242,40296
9242,40297
14419,40292
14419,40294
14419,40295
14419,40296
14419,40297
3976,40292
3976,40294
3976,40295
3976,40296
3976,40297
6129,40292
6129,40294
6129,40295
6129,40296
6129,40297
3976,40292
3976,40294
3976,40295
3976,40296
3976,40297
14007,86795
14007,86796
14007,86797
14007,86798
14007,86799
14007,86800
14007,86801
52,62453
52,62454
52,62455
52,62456
52,62457
11208,49782
11208,49784
11208,49786
11208,49788
11208,49789
11208,49790
7064,34112
7064,34113
7064,34114
7064,34115
2062,60617
2062,60618
2062,60619
2062,60620
2062,60621
2062,60617
2062,60618
2062,60619
2062,60620
2062,60621
9167,84366
9167,84367
9167,84368
9167,84369
9167,84370
9167,84371
9616,83456
9616,83457
9616,83458
9616,83459
14856,33611
14856,33612
14856,33613
14856,33614
14856,33615
6881,33611
6881,33612
6881,33613
6881,33614
6881,33615
9578,83739
9578,83740
9578,83741
9578,83742
9578,83743
9578,83744
9578,83745
10485,83739
10485,83740
10485,83741
10485,83742
10485,83743
10485,83744
10485,83745
9554,42274
9554,42275
9554,42276
9554,42277
3043,72101
3043,72102
3043,72103
3043,72104
3043,72105
3043,72106
3043,72107
18371,72101
18371,72102
18371,72103
18371,72104
18371,72105
18371,72106
18371,72107
11756,72101
11756,72102
11756,72103
11756,72104
11756,72105
11756,72106
11756,72107
11366,85074
11366,85075
11366,85076
11366,85077
11366,85078
12790,85074
12790,85075
12790,85076
12790,85077
12790,85078
12070,89285
12070,89286
12070,89287
12070,89288
12070,89289
12070,89290
12070,89291
13426,87658
13426,87659
13426,87660
13426,87661
13426,87662
13426,87663
9833,83992
9833,83993
9833,83994
9833,83995
9833,83996
10933,83992
10933,83993
10933,83994
10933,83995
10933,83996
1961,60067
1961,60068
1961,60069
1961,60070
1961,60071
11663,49977
11663,49979
11663,49981
11663,49984
11663,49985
12268,49977
12268,49979
12268,49981
12268,49984
12268,49985
10925,49977
10925,49979
10925,49981
10925,49984
10925,49985
251556,39231
251556,39232
251556,39233
2800,39231
2800,39232
2800,39233
278,52091
278,52092
278,52093
278,52094
278,52095
278,52096
278,52097
386,52091
386,52092
386,52093
386,52094
386,52095
386,52096
386,52097
174,63858
174,63859
174,63860
174,63861
174,63862
174,63863
174,63864
174,63865
7925,49301
7925,49302
7925,49303
7925,49304
7925,49305
18877,62349
18877,62351
18877,62353
18877,62354
18877,62355
6954,62349
6954,62351
6954,62353
6954,62354
6954,62355
330265,62349
330265,62351
330265,62353
330265,62354
330265,62355
7368,62349
7368,62351
7368,62353
7368,62354
7368,62355
18814,62349
18814,62351
18814,62353
18814,62354
18814,62355
14509,62349
14509,62351
14509,62353
14509,62354
14509,62355
13654,62349
13654,62351
13654,62353
13654,62354
13654,62355
1788,62349
1788,62351
1788,62353
1788,62354
1788,62355
11304,62349
11304,62351
11304,62353
11304,62354
11304,62355
10297,62349
10297,62351
10297,62353
10297,62354
10297,62355
18704,62349
18704,62351
18704,62353
18704,62354
18704,62355
16467,79596
16467,79597
16467,79598
16467,79599
16467,79600
16467,79601
14404,79596
14404,79597
14404,79598
14404,79599
14404,79600
14404,79601
6593,79596
6593,79597
6593,79598
6593,79599
6593,79600
6593,79601
8327,81239
8327,81240
8327,81241
8327,81242
8327,81243
17316,81239
17316,81240
17316,81241
17316,81242
17316,81243
13400,86554
13400,86555
13400,86556
13400,86557
13400,86558
13400,86559
13400,86560
12517,50112
12517,50113
12517,50114
12517,50116
12517,50117
12517,50120
8666,50112
8666,50113
8666,50114
8666,50116
8666,50117
8666,50120
18242,50112
18242,50113
18242,50114
18242,50116
18242,50117
18242,50120
7068,50112
7068,50113
7068,50114
7068,50116
7068,50117
7068,50120
12968,51465
12968,51467
12968,51469
12968,51471
12968,51473
13851,86144
13851,86145
13851,86146
13851,86147
13851,86148
13851,86149
17799,61892
17799,61893
17799,61894
17799,61895
10158,84317
10158,84318
10158,84319
10158,84320
10158,84321
10158,84322
7901,32301
7901,32302
7901,32303
7901,32304
7901,32305
7901,32306
7901,32307
8540,32301
8540,32302
8540,32303
8540,32304
8540,32305
8540,32306
8540,32307
7181,32301
7181,32302
7181,32303
7181,32304
7181,32305
7181,32306
7181,32307
9509,83308
9509,83309
9509,83310
9509,83311
9509,83312
9509,83313
7702,81418
7702,81419
7702,81420
7702,81421
7702,81422
7702,81423
7702,97890
14355,53894
14355,53895
14355,53896
14355,53897
14355,53898
14355,53899
15205,50297
15205,50298
15205,50299
15205,50300
15205,50301
3455,50297
3455,50298
3455,50299
3455,50300
3455,50301
8519,50297
8519,50298
8519,50299
8519,50300
8519,50301
6746,21917
6746,21919
6746,21921
6746,21923
6746,21925
6746,21926
6746,21927
6746,21928
2834,21917
2834,21919
2834,21921
2834,21923
2834,21925
2834,21926
2834,21927
2834,21928
7316,21917
7316,21919
7316,21921
7316,21923
7316,21925
7316,21926
7316,21927
7316,21928
1986,59597
1986,59598
1986,59599
1986,59600
1986,59601
10385,84767
10385,84768
10385,84769
10385,84770
10385,84771
10385,84772
330345,48877
330345,48878
330345,48879
330345,48880
443,64442
443,64443
443,64444
443,64445
443,64446
443,64447
443,64448
330089,50361
330089,50362
330089,50363
330089,50364
330089,50365
6495,73672
6495,73673
6495,73674
6495,73675
16213,73672
16213,73673
16213,73674
16213,73675
4327,73672
4327,73673
4327,73674
4327,73675
13981,73672
13981,73673
13981,73674
13981,73675
3650,73672
3650,73673
3650,73674
3650,73675
8055,53618
8055,53619
8055,53621
8055,53623
8055,53625
8055,53627
8055,53618
8055,53619
8055,53621
8055,53623
8055,53625
8055,53627
684,53618
684,53619
684,53621
684,53623
684,53625
684,53627
7217,34542
7217,34543
7217,34544
7217,34545
7217,34546
12086,85986
12086,85987
12086,85988
12086,85989
12086,85990
9285,97949
9285,97950
9285,97951
9285,97952
9285,97953
9285,97954
8176,83199
8176,83200
8176,83201
8176,83202
330070,331131
330070,331133
330070,331137
330070,331140
330070,331141
1222,66656
1222,66657
1222,66658
1222,66659
1222,66660
11525,47318
11525,47319
11525,47321
11525,47323
11525,47325
3357,19754
3357,19755
3357,19756
3357,19757
3357,19758
3357,19759
3357,19760
6817,38758
6817,38759
6817,38760
6817,38761
6676,38758
6676,38759
6676,38760
6676,38761
6522,32386
6522,32387
6522,32388
6522,32389
6522,32390
6522,32391
6522,97813
16219,32386
16219,32387
16219,32388
16219,32389
16219,32390
16219,32391
16219,97813
5882,30618
5882,30619
5882,30620
5882,30621
5882,30622
5882,30623
10222,74234
10222,74236
10222,74238
10222,74240
10222,74242
3178,74234
3178,74236
3178,74238
3178,74240
3178,74242
11757,85763
11757,85764
11757,85765
11757,85766
1781,59091
1781,59092
1781,59093
1781,59094
1781,59095
12080,85975
12080,85976
12080,85977
12080,85978
8821,82849
8821,82850
8821,82851
8821,82852
8821,82853
2056,60587
2056,60588
2056,60589
2056,60590
2056,60591
10613,60587
10613,60588
10613,60589
10613,60590
10613,60591
11205,48490
11205,48491
11205,48493
11205,48495
11205,48498
11205,48499
6444,60372
6444,60373
6444,60374
6444,60375
6444,60376
1493,60372
1493,60373
1493,60374
1493,60375
1493,60376
2099,69894
2099,69896
2099,69897
2099,69898
2099,69899
14234,90421
14234,90422
14234,90423
14234,90424
14234,90425
14234,90426
14234,90427
15581,88579
15581,88580
15581,88581
15581,88582
15581,88583
15581,88584
15581,98138
13623,29249
13623,29250
13623,29251
13623,29252
13623,29253
13623,29254
5905,29249
5905,29250
5905,29251
5905,29252
5905,29253
5905,29254
15760,39787
15760,39788
15760,39789
15760,39790
15760,39791
9721,27330
9721,27331
9721,27332
9721,27333
9721,27330
9721,27331
9721,27332
9721,27333
5051,27330
5051,27331
5051,27332
5051,27333
12013,89269
12013,89270
12013,89271
12013,89272
12013,89273
12013,89274
12013,98063
12013,89269
12013,89270
12013,89271
12013,89272
12013,89273
12013,89274
12013,98063
13314,87587
13314,87588
13314,87589
13314,87590
13314,87591
13314,97934
13314,97935
13314,97936
7818,33365
7818,33366
7818,33367
7818,33368
7818,33369
7818,33370
12179,84270
12179,84271
12179,84272
12179,84273
12179,84274
12179,84275
12179,98029
10454,84270
10454,84271
10454,84272
10454,84273
10454,84274
10454,84275
10454,98029
9236,82715
9236,82716
9236,82717
9236,82718
9236,82719
9236,82720
9236,82721
11538,42285
11538,42286
11538,42287
11538,42288
9139,38197
9139,38198
9139,38199
9139,38200
9139,38201
8335,38197
8335,38198
8335,38199
8335,38200
8335,38201
11835,86670
11835,86671
11835,86672
11835,86673
11835,86674
4416,74878
4416,74879
4416,74880
4416,74881
4416,74882
1654,69379
1654,69380
1654,69381
1654,69382
1654,69383
