id,left,width,top,height,cons_path,shop_path
1024,134,426,524,325,000004939.jpg,000071272.jpg
1024,156,394,556,288,000004939.jpg,000071272.jpg
1024,134,426,524,325,000004939.jpg,000071273.jpg
1024,156,394,556,288,000004939.jpg,000071273.jpg
1024,134,426,524,325,000004939.jpg,000071274.jpg
1024,156,394,556,288,000004939.jpg,000071274.jpg
1024,134,426,524,325,000004939.jpg,000071275.jpg
1024,156,394,556,288,000004939.jpg,000071275.jpg
1024,144,156,250,318,000002560.jpg,000071272.jpg
1024,128,185,246,333,000002560.jpg,000071272.jpg
1024,144,156,250,318,000002560.jpg,000071273.jpg
1024,128,185,246,333,000002560.jpg,000071273.jpg
1024,144,156,250,318,000002560.jpg,000071274.jpg
1024,128,185,246,333,000002560.jpg,000071274.jpg
1024,144,156,250,318,000002560.jpg,000071275.jpg
1024,128,185,246,333,000002560.jpg,000071275.jpg
5651,868,636,1310,1713,000100642.jpg,000039568.jpg
5651,868,590,1213,1804,000100642.jpg,000039568.jpg
5651,868,636,1310,1713,000100642.jpg,000039569.jpg
5651,868,590,1213,1804,000100642.jpg,000039569.jpg
5651,868,636,1310,1713,000100642.jpg,000039570.jpg
5651,868,590,1213,1804,000100642.jpg,000039570.jpg
5651,868,636,1310,1713,000100642.jpg,000039571.jpg
5651,868,590,1213,1804,000100642.jpg,000039571.jpg
5651,1707,6,641,6,000002177.jpg,000039568.jpg
5651,693,898,1177,1621,000002177.jpg,000039568.jpg
5651,664,1160,571,2291,000002177.jpg,000039568.jpg
5651,1707,6,641,6,000002177.jpg,000039569.jpg
5651,693,898,1177,1621,000002177.jpg,000039569.jpg
5651,664,1160,571,2291,000002177.jpg,000039569.jpg
5651,1707,6,641,6,000002177.jpg,000039570.jpg
5651,693,898,1177,1621,000002177.jpg,000039570.jpg
5651,664,1160,571,2291,000002177.jpg,000039570.jpg
5651,1707,6,641,6,000002177.jpg,000039571.jpg
5651,693,898,1177,1621,000002177.jpg,000039571.jpg
5651,664,1160,571,2291,000002177.jpg,000039571.jpg
5651,211,288,411,392,000008035.jpg,000039568.jpg
5651,154,345,420,377,000008035.jpg,000039568.jpg
5651,211,288,411,392,000008035.jpg,000039569.jpg
5651,154,345,420,377,000008035.jpg,000039569.jpg
5651,211,288,411,392,000008035.jpg,000039570.jpg
5651,154,345,420,377,000008035.jpg,000039570.jpg
5651,211,288,411,392,000008035.jpg,000039571.jpg
5651,154,345,420,377,000008035.jpg,000039571.jpg
5651,18,292,94,431,000006817.jpg,000039568.jpg
5651,37,234,108,387,000006817.jpg,000039568.jpg
5651,18,292,94,431,000006817.jpg,000039569.jpg
5651,37,234,108,387,000006817.jpg,000039569.jpg
5651,18,292,94,431,000006817.jpg,000039570.jpg
5651,37,234,108,387,000006817.jpg,000039570.jpg
5651,18,292,94,431,000006817.jpg,000039571.jpg
5651,37,234,108,387,000006817.jpg,000039571.jpg
2600,1159,601,1398,1242,000010135.jpg,000043126.jpg
2600,1107,747,1492,1044,000010135.jpg,000043126.jpg
2600,1159,601,1398,1242,000010135.jpg,000043127.jpg
2600,1107,747,1492,1044,000010135.jpg,000043127.jpg
2600,1159,601,1398,1242,000010135.jpg,000043128.jpg
2600,1107,747,1492,1044,000010135.jpg,000043128.jpg
2600,1159,601,1398,1242,000010135.jpg,000043129.jpg
2600,1107,747,1492,1044,000010135.jpg,000043129.jpg
2600,1159,601,1398,1242,000010135.jpg,000043130.jpg
2600,1107,747,1492,1044,000010135.jpg,000043130.jpg
2600,33,347,592,128,000013826.jpg,000043126.jpg
2600,22,398,544,173,000013826.jpg,000043126.jpg
2600,33,347,592,128,000013826.jpg,000043127.jpg
2600,22,398,544,173,000013826.jpg,000043127.jpg
2600,33,347,592,128,000013826.jpg,000043128.jpg
2600,22,398,544,173,000013826.jpg,000043128.jpg
2600,33,347,592,128,000013826.jpg,000043129.jpg
2600,22,398,544,173,000013826.jpg,000043129.jpg
2600,33,347,592,128,000013826.jpg,000043130.jpg
2600,22,398,544,173,000013826.jpg,000043130.jpg
2600,4,887,1350,1365,000015922.jpg,000043126.jpg
2600,18,714,1415,1172,000015922.jpg,000043126.jpg
2600,4,887,1350,1365,000015922.jpg,000043127.jpg
2600,18,714,1415,1172,000015922.jpg,000043127.jpg
2600,4,887,1350,1365,000015922.jpg,000043128.jpg
2600,18,714,1415,1172,000015922.jpg,000043128.jpg
2600,4,887,1350,1365,000015922.jpg,000043129.jpg
2600,18,714,1415,1172,000015922.jpg,000043129.jpg
2600,4,887,1350,1365,000015922.jpg,000043130.jpg
2600,18,714,1415,1172,000015922.jpg,000043130.jpg
1579,903,1125,874,2075,000003982.jpg,000063011.jpg
1579,903,1125,874,2075,000003982.jpg,000063012.jpg
1579,903,1125,874,2075,000003982.jpg,000063013.jpg
1579,903,1125,874,2075,000003982.jpg,000063014.jpg
2604,650,650,1120,1595,000011422.jpg,000042157.jpg
2604,695,630,1140,1460,000011422.jpg,000042157.jpg
2604,650,650,1120,1595,000011422.jpg,000042158.jpg
2604,695,630,1140,1460,000011422.jpg,000042158.jpg
2604,650,650,1120,1595,000011422.jpg,000042159.jpg
2604,695,630,1140,1460,000011422.jpg,000042159.jpg
2604,650,650,1120,1595,000011422.jpg,000042160.jpg
2604,695,630,1140,1460,000011422.jpg,000042160.jpg
556,585,810,1320,1240,000008497.jpg,000081665.jpg
556,670,680,1335,1230,000008497.jpg,000081665.jpg
556,585,810,1320,1240,000008497.jpg,000081666.jpg
556,670,680,1335,1230,000008497.jpg,000081666.jpg
556,585,810,1320,1240,000008497.jpg,000081667.jpg
556,670,680,1335,1230,000008497.jpg,000081667.jpg
556,585,810,1320,1240,000008497.jpg,000081668.jpg
556,670,680,1335,1230,000008497.jpg,000081668.jpg
556,585,810,1320,1240,000008497.jpg,000081669.jpg
556,670,680,1335,1230,000008497.jpg,000081669.jpg
3124,590,392,1229,783,000008442.jpg,000082442.jpg
3124,553,466,1206,852,000008442.jpg,000082442.jpg
3124,590,392,1229,783,000008442.jpg,000082443.jpg
3124,553,466,1206,852,000008442.jpg,000082443.jpg
3124,590,392,1229,783,000008442.jpg,000082444.jpg
3124,553,466,1206,852,000008442.jpg,000082444.jpg
3124,590,392,1229,783,000008442.jpg,000082445.jpg
3124,553,466,1206,852,000008442.jpg,000082445.jpg
2104,130,172,288,307,000010634.jpg,000038441.jpg
2104,147,216,114,450,000010634.jpg,000038441.jpg
2104,130,172,288,307,000010634.jpg,000038442.jpg
2104,147,216,114,450,000010634.jpg,000038442.jpg
2104,130,172,288,307,000010634.jpg,000038443.jpg
2104,147,216,114,450,000010634.jpg,000038443.jpg
2104,130,172,288,307,000010634.jpg,000038444.jpg
2104,147,216,114,450,000010634.jpg,000038444.jpg
2104,130,172,288,307,000010634.jpg,000038445.jpg
2104,147,216,114,450,000010634.jpg,000038445.jpg
2104,285,439,1546,417,000329898.jpg,000038441.jpg
2104,215,608,1364,622,000329898.jpg,000038441.jpg
2104,285,439,1546,417,000329898.jpg,000038442.jpg
2104,215,608,1364,622,000329898.jpg,000038442.jpg
2104,285,439,1546,417,000329898.jpg,000038443.jpg
2104,215,608,1364,622,000329898.jpg,000038443.jpg
2104,285,439,1546,417,000329898.jpg,000038444.jpg
2104,215,608,1364,622,000329898.jpg,000038444.jpg
2104,285,439,1546,417,000329898.jpg,000038445.jpg
2104,215,608,1364,622,000329898.jpg,000038445.jpg
2109,431,488,840,1198,000001814.jpg,000097505.jpg
2109,461,473,818,1232,000001814.jpg,000097505.jpg
2109,431,488,840,1198,000001814.jpg,000097506.jpg
2109,461,473,818,1232,000001814.jpg,000097506.jpg
2109,431,488,840,1198,000001814.jpg,000097507.jpg
2109,461,473,818,1232,000001814.jpg,000097507.jpg
582,751,752,1159,1487,000018524.jpg,000040597.jpg
582,687,706,1328,1213,000018524.jpg,000040597.jpg
582,751,752,1159,1487,000018524.jpg,000040598.jpg
582,687,706,1328,1213,000018524.jpg,000040598.jpg
582,751,752,1159,1487,000018524.jpg,000040599.jpg
582,687,706,1328,1213,000018524.jpg,000040599.jpg
582,751,752,1159,1487,000018524.jpg,000040600.jpg
582,687,706,1328,1213,000018524.jpg,000040600.jpg
582,751,752,1159,1487,000018524.jpg,000040601.jpg
582,687,706,1328,1213,000018524.jpg,000040601.jpg
582,804,548,1094,219,000009302.jpg,000040597.jpg
582,752,872,1870,781,000009302.jpg,000040597.jpg
582,790,572,1061,277,000009302.jpg,000040597.jpg
582,847,800,1823,834,000009302.jpg,000040597.jpg
582,804,548,1094,219,000009302.jpg,000040598.jpg
582,752,872,1870,781,000009302.jpg,000040598.jpg
582,790,572,1061,277,000009302.jpg,000040598.jpg
582,847,800,1823,834,000009302.jpg,000040598.jpg
582,804,548,1094,219,000009302.jpg,000040599.jpg
582,752,872,1870,781,000009302.jpg,000040599.jpg
582,790,572,1061,277,000009302.jpg,000040599.jpg
582,847,800,1823,834,000009302.jpg,000040599.jpg
582,804,548,1094,219,000009302.jpg,000040600.jpg
582,752,872,1870,781,000009302.jpg,000040600.jpg
582,790,572,1061,277,000009302.jpg,000040600.jpg
582,847,800,1823,834,000009302.jpg,000040600.jpg
582,804,548,1094,219,000009302.jpg,000040601.jpg
582,752,872,1870,781,000009302.jpg,000040601.jpg
582,790,572,1061,277,000009302.jpg,000040601.jpg
582,847,800,1823,834,000009302.jpg,000040601.jpg
582,108,377,615,548,000018146.jpg,000040597.jpg
582,143,379,610,559,000018146.jpg,000040597.jpg
582,108,377,615,548,000018146.jpg,000040598.jpg
582,143,379,610,559,000018146.jpg,000040598.jpg
582,108,377,615,548,000018146.jpg,000040599.jpg
582,143,379,610,559,000018146.jpg,000040599.jpg
582,108,377,615,548,000018146.jpg,000040600.jpg
582,143,379,610,559,000018146.jpg,000040600.jpg
582,108,377,615,548,000018146.jpg,000040601.jpg
582,143,379,610,559,000018146.jpg,000040601.jpg
582,36,499,749,1088,000012737.jpg,000040597.jpg
582,731,398,763,1152,000012737.jpg,000040597.jpg
582,256,320,772,1107,000012737.jpg,000040597.jpg
582,726,416,736,1116,000012737.jpg,000040597.jpg
582,41,293,822,1006,000012737.jpg,000040597.jpg
582,36,499,749,1088,000012737.jpg,000040598.jpg
582,731,398,763,1152,000012737.jpg,000040598.jpg
582,256,320,772,1107,000012737.jpg,000040598.jpg
582,726,416,736,1116,000012737.jpg,000040598.jpg
582,41,293,822,1006,000012737.jpg,000040598.jpg
582,36,499,749,1088,000012737.jpg,000040599.jpg
582,731,398,763,1152,000012737.jpg,000040599.jpg
582,256,320,772,1107,000012737.jpg,000040599.jpg
582,726,416,736,1116,000012737.jpg,000040599.jpg
582,41,293,822,1006,000012737.jpg,000040599.jpg
582,36,499,749,1088,000012737.jpg,000040600.jpg
582,731,398,763,1152,000012737.jpg,000040600.jpg
582,256,320,772,1107,000012737.jpg,000040600.jpg
582,726,416,736,1116,000012737.jpg,000040600.jpg
582,41,293,822,1006,000012737.jpg,000040600.jpg
582,36,499,749,1088,000012737.jpg,000040601.jpg
582,731,398,763,1152,000012737.jpg,000040601.jpg
582,256,320,772,1107,000012737.jpg,000040601.jpg
582,726,416,736,1116,000012737.jpg,000040601.jpg
582,41,293,822,1006,000012737.jpg,000040601.jpg
5194,376,541,1458,997,000330013.jpg,000040933.jpg
5194,354,506,1498,957,000330013.jpg,000040933.jpg
5194,376,541,1458,997,000330013.jpg,000040935.jpg
5194,354,506,1498,957,000330013.jpg,000040935.jpg
5194,376,541,1458,997,000330013.jpg,000040937.jpg
5194,354,506,1498,957,000330013.jpg,000040937.jpg
5194,376,541,1458,997,000330013.jpg,000040938.jpg
5194,354,506,1498,957,000330013.jpg,000040938.jpg
586,167,114,291,339,000004617.jpg,000026043.jpg
586,258,102,288,349,000004617.jpg,000026043.jpg
586,184,160,278,347,000004617.jpg,000026043.jpg
586,167,114,291,339,000004617.jpg,000026044.jpg
586,258,102,288,349,000004617.jpg,000026044.jpg
586,184,160,278,347,000004617.jpg,000026044.jpg
586,167,114,291,339,000004617.jpg,000026045.jpg
586,258,102,288,349,000004617.jpg,000026045.jpg
586,184,160,278,347,000004617.jpg,000026045.jpg
76,246,574,484,715,000013811.jpg,000048661.jpg
76,311,539,403,627,000013811.jpg,000048661.jpg
76,246,574,484,715,000013811.jpg,000048662.jpg
76,311,539,403,627,000013811.jpg,000048662.jpg
76,246,574,484,715,000013811.jpg,000048663.jpg
76,311,539,403,627,000013811.jpg,000048663.jpg
76,246,574,484,715,000013811.jpg,000048664.jpg
76,311,539,403,627,000013811.jpg,000048664.jpg
1105,132,438,518,528,000008897.jpg,000019171.jpg
1105,132,438,518,528,000008897.jpg,000019172.jpg
1105,132,438,518,528,000008897.jpg,000019173.jpg
1105,132,438,518,528,000008897.jpg,000019174.jpg
1105,132,438,518,528,000008897.jpg,000019175.jpg
3666,595,165,458,337,000011294.jpg,000085328.jpg
3666,559,193,437,298,000011294.jpg,000085328.jpg
3666,595,165,458,337,000011294.jpg,000085329.jpg
3666,559,193,437,298,000011294.jpg,000085329.jpg
3666,595,165,458,337,000011294.jpg,000085330.jpg
3666,559,193,437,298,000011294.jpg,000085330.jpg
3666,595,165,458,337,000011294.jpg,000085331.jpg
3666,559,193,437,298,000011294.jpg,000085331.jpg
3666,595,165,458,337,000011294.jpg,000085332.jpg
3666,559,193,437,298,000011294.jpg,000085332.jpg
3666,308,298,693,403,000012466.jpg,000085328.jpg
3666,352,222,732,374,000012466.jpg,000085328.jpg
3666,308,298,693,403,000012466.jpg,000085329.jpg
3666,352,222,732,374,000012466.jpg,000085329.jpg
3666,308,298,693,403,000012466.jpg,000085330.jpg
3666,352,222,732,374,000012466.jpg,000085330.jpg
3666,308,298,693,403,000012466.jpg,000085331.jpg
3666,352,222,732,374,000012466.jpg,000085331.jpg
3666,308,298,693,403,000012466.jpg,000085332.jpg
3666,352,222,732,374,000012466.jpg,000085332.jpg
2131,1958,1135,1095,2114,000002677.jpg,000019825.jpg
2131,272,1081,1080,2052,000002677.jpg,000019825.jpg
2131,1888,1306,1173,1959,000002677.jpg,000019825.jpg
2131,318,1042,1134,2029,000002677.jpg,000019825.jpg
2131,1958,1135,1095,2114,000002677.jpg,000019826.jpg
2131,272,1081,1080,2052,000002677.jpg,000019826.jpg
2131,1888,1306,1173,1959,000002677.jpg,000019826.jpg
2131,318,1042,1134,2029,000002677.jpg,000019826.jpg
2131,1958,1135,1095,2114,000002677.jpg,000019827.jpg
2131,272,1081,1080,2052,000002677.jpg,000019827.jpg
2131,1888,1306,1173,1959,000002677.jpg,000019827.jpg
2131,318,1042,1134,2029,000002677.jpg,000019827.jpg
2131,1958,1135,1095,2114,000002677.jpg,000019828.jpg
2131,272,1081,1080,2052,000002677.jpg,000019828.jpg
2131,1888,1306,1173,1959,000002677.jpg,000019828.jpg
2131,318,1042,1134,2029,000002677.jpg,000019828.jpg
2647,148,159,375,269,000000863.jpg,000055170.jpg
2647,155,160,367,282,000000863.jpg,000055170.jpg
2647,148,159,375,269,000000863.jpg,000055171.jpg
2647,155,160,367,282,000000863.jpg,000055171.jpg
2647,148,159,375,269,000000863.jpg,000055172.jpg
2647,155,160,367,282,000000863.jpg,000055172.jpg
2647,148,159,375,269,000000863.jpg,000055173.jpg
2647,155,160,367,282,000000863.jpg,000055173.jpg
3673,271,387,219,576,000015369.jpg,000088298.jpg
3673,354,242,604,363,000015369.jpg,000088298.jpg
3673,271,387,219,576,000015369.jpg,000088299.jpg
3673,354,242,604,363,000015369.jpg,000088299.jpg
3673,271,387,219,576,000015369.jpg,000088300.jpg
3673,354,242,604,363,000015369.jpg,000088300.jpg
3673,271,387,219,576,000015369.jpg,000088301.jpg
3673,354,242,604,363,000015369.jpg,000088301.jpg
3673,271,387,219,576,000015369.jpg,000088302.jpg
3673,354,242,604,363,000015369.jpg,000088302.jpg
1115,675,880,1180,1435,000004927.jpg,000075905.jpg
1115,675,880,1180,1435,000004927.jpg,000075906.jpg
1115,675,880,1180,1435,000004927.jpg,000075907.jpg
1115,675,880,1180,1435,000004927.jpg,000075908.jpg
1115,675,880,1180,1435,000004927.jpg,000075909.jpg
1118,573,1001,2062,783,000016441.jpg,000060101.jpg
1118,436,1171,1597,1248,000016441.jpg,000060101.jpg
1118,573,1001,2062,783,000016441.jpg,000060102.jpg
1118,436,1171,1597,1248,000016441.jpg,000060102.jpg
1118,573,1001,2062,783,000016441.jpg,000060103.jpg
1118,436,1171,1597,1248,000016441.jpg,000060103.jpg
616,432,887,2291,1562,000011060.jpg,000085196.jpg
616,439,935,2215,1617,000011060.jpg,000085196.jpg
616,432,887,2291,1562,000011060.jpg,000085197.jpg
616,439,935,2215,1617,000011060.jpg,000085197.jpg
616,432,887,2291,1562,000011060.jpg,000085198.jpg
616,439,935,2215,1617,000011060.jpg,000085198.jpg
616,432,887,2291,1562,000011060.jpg,000085199.jpg
616,439,935,2215,1617,000011060.jpg,000085199.jpg
616,556,1010,1823,1714,000014822.jpg,000085196.jpg
616,597,928,1740,1886,000014822.jpg,000085196.jpg
616,556,1010,1823,1714,000014822.jpg,000085197.jpg
616,597,928,1740,1886,000014822.jpg,000085197.jpg
616,556,1010,1823,1714,000014822.jpg,000085198.jpg
616,597,928,1740,1886,000014822.jpg,000085198.jpg
616,556,1010,1823,1714,000014822.jpg,000085199.jpg
616,597,928,1740,1886,000014822.jpg,000085199.jpg
2669,740,785,980,645,000018244.jpg,000018923.jpg
2669,740,785,980,645,000018244.jpg,000018924.jpg
2669,740,785,980,645,000018244.jpg,000018925.jpg
2669,740,785,980,645,000018244.jpg,000018926.jpg
2669,480,713,1664,1377,000011573.jpg,000018923.jpg
2669,480,713,1664,1377,000011573.jpg,000018924.jpg
2669,480,713,1664,1377,000011573.jpg,000018925.jpg
2669,480,713,1664,1377,000011573.jpg,000018926.jpg
2669,714,646,1722,1533,000011824.jpg,000018923.jpg
2669,714,646,1722,1533,000011824.jpg,000018924.jpg
2669,714,646,1722,1533,000011824.jpg,000018925.jpg
2669,714,646,1722,1533,000011824.jpg,000018926.jpg
2669,311,624,1260,1198,000012082.jpg,000018923.jpg
2669,311,624,1260,1198,000012082.jpg,000018924.jpg
2669,311,624,1260,1198,000012082.jpg,000018925.jpg
2669,311,624,1260,1198,000012082.jpg,000018926.jpg
2162,205,148,246,293,000004108.jpg,000074972.jpg
2162,224,119,268,276,000004108.jpg,000074972.jpg
2162,205,148,246,293,000004108.jpg,000074973.jpg
2162,224,119,268,276,000004108.jpg,000074973.jpg
2162,205,148,246,293,000004108.jpg,000074975.jpg
2162,224,119,268,276,000004108.jpg,000074975.jpg
2162,205,148,246,293,000004108.jpg,000074976.jpg
2162,224,119,268,276,000004108.jpg,000074976.jpg
2684,819,220,652,381,000011402.jpg,000029796.jpg
2684,234,214,633,427,000011402.jpg,000029796.jpg
2684,225,226,667,357,000011402.jpg,000029796.jpg
2684,844,171,658,348,000011402.jpg,000029796.jpg
2684,819,220,652,381,000011402.jpg,000029797.jpg
2684,234,214,633,427,000011402.jpg,000029797.jpg
2684,225,226,667,357,000011402.jpg,000029797.jpg
2684,844,171,658,348,000011402.jpg,000029797.jpg
2684,819,220,652,381,000011402.jpg,000029798.jpg
2684,234,214,633,427,000011402.jpg,000029798.jpg
2684,225,226,667,357,000011402.jpg,000029798.jpg
2684,844,171,658,348,000011402.jpg,000029798.jpg
2684,819,220,652,381,000011402.jpg,000029799.jpg
2684,234,214,633,427,000011402.jpg,000029799.jpg
2684,225,226,667,357,000011402.jpg,000029799.jpg
2684,844,171,658,348,000011402.jpg,000029799.jpg
2684,819,220,652,381,000011402.jpg,000097597.jpg
2684,234,214,633,427,000011402.jpg,000097597.jpg
2684,225,226,667,357,000011402.jpg,000097597.jpg
2684,844,171,658,348,000011402.jpg,000097597.jpg
2684,555,704,1606,713,000007863.jpg,000029796.jpg
2684,564,661,1632,695,000007863.jpg,000029796.jpg
2684,555,704,1606,713,000007863.jpg,000029797.jpg
2684,564,661,1632,695,000007863.jpg,000029797.jpg
2684,555,704,1606,713,000007863.jpg,000029798.jpg
2684,564,661,1632,695,000007863.jpg,000029798.jpg
2684,555,704,1606,713,000007863.jpg,000029799.jpg
2684,564,661,1632,695,000007863.jpg,000029799.jpg
2684,555,704,1606,713,000007863.jpg,000097597.jpg
2684,564,661,1632,695,000007863.jpg,000097597.jpg
2684,979,694,1754,1294,000016917.jpg,000029796.jpg
2684,950,304,1795,1178,000016917.jpg,000029796.jpg
2684,1247,397,1841,1172,000016917.jpg,000029796.jpg
2684,979,694,1754,1294,000016917.jpg,000029797.jpg
2684,950,304,1795,1178,000016917.jpg,000029797.jpg
2684,1247,397,1841,1172,000016917.jpg,000029797.jpg
2684,979,694,1754,1294,000016917.jpg,000029798.jpg
2684,950,304,1795,1178,000016917.jpg,000029798.jpg
2684,1247,397,1841,1172,000016917.jpg,000029798.jpg
2684,979,694,1754,1294,000016917.jpg,000029799.jpg
2684,950,304,1795,1178,000016917.jpg,000029799.jpg
2684,1247,397,1841,1172,000016917.jpg,000029799.jpg
2684,979,694,1754,1294,000016917.jpg,000097597.jpg
2684,950,304,1795,1178,000016917.jpg,000097597.jpg
2684,1247,397,1841,1172,000016917.jpg,000097597.jpg
2684,405,621,1217,474,000006575.jpg,000029796.jpg
2684,1606,457,1116,795,000006575.jpg,000029796.jpg
2684,1031,491,1161,767,000006575.jpg,000029796.jpg
2684,1031,553,1116,784,000006575.jpg,000029796.jpg
2684,405,621,1217,474,000006575.jpg,000029797.jpg
2684,1606,457,1116,795,000006575.jpg,000029797.jpg
2684,1031,491,1161,767,000006575.jpg,000029797.jpg
2684,1031,553,1116,784,000006575.jpg,000029797.jpg
2684,405,621,1217,474,000006575.jpg,000029798.jpg
2684,1606,457,1116,795,000006575.jpg,000029798.jpg
2684,1031,491,1161,767,000006575.jpg,000029798.jpg
2684,1031,553,1116,784,000006575.jpg,000029798.jpg
2684,405,621,1217,474,000006575.jpg,000029799.jpg
2684,1606,457,1116,795,000006575.jpg,000029799.jpg
2684,1031,491,1161,767,000006575.jpg,000029799.jpg
2684,1031,553,1116,784,000006575.jpg,000029799.jpg
2684,405,621,1217,474,000006575.jpg,000097597.jpg
2684,1606,457,1116,795,000006575.jpg,000097597.jpg
2684,1031,491,1161,767,000006575.jpg,000097597.jpg
2684,1031,553,1116,784,000006575.jpg,000097597.jpg
2684,416,235,358,474,000007865.jpg,000029796.jpg
2684,424,245,382,485,000007865.jpg,000029796.jpg
2684,416,235,358,474,000007865.jpg,000029797.jpg
2684,424,245,382,485,000007865.jpg,000029797.jpg
2684,416,235,358,474,000007865.jpg,000029798.jpg
2684,424,245,382,485,000007865.jpg,000029798.jpg
2684,416,235,358,474,000007865.jpg,000029799.jpg
2684,424,245,382,485,000007865.jpg,000029799.jpg
2684,416,235,358,474,000007865.jpg,000097597.jpg
2684,424,245,382,485,000007865.jpg,000097597.jpg
2684,365,655,1460,1290,000007611.jpg,000029796.jpg
2684,270,820,1460,1150,000007611.jpg,000029796.jpg
2684,365,655,1460,1290,000007611.jpg,000029797.jpg
2684,270,820,1460,1150,000007611.jpg,000029797.jpg
2684,365,655,1460,1290,000007611.jpg,000029798.jpg
2684,270,820,1460,1150,000007611.jpg,000029798.jpg
2684,365,655,1460,1290,000007611.jpg,000029799.jpg
2684,270,820,1460,1150,000007611.jpg,000029799.jpg
2684,365,655,1460,1290,000007611.jpg,000097597.jpg
2684,270,820,1460,1150,000007611.jpg,000097597.jpg
131,446,2,407,2,000329854.jpg,000040311.jpg
131,257,159,422,389,000329854.jpg,000040311.jpg
131,253,168,423,388,000329854.jpg,000040311.jpg
131,446,2,407,2,000329854.jpg,000040312.jpg
131,257,159,422,389,000329854.jpg,000040312.jpg
131,253,168,423,388,000329854.jpg,000040312.jpg
131,446,2,407,2,000329854.jpg,000040313.jpg
131,257,159,422,389,000329854.jpg,000040313.jpg
131,253,168,423,388,000329854.jpg,000040313.jpg
131,446,2,407,2,000329854.jpg,000040314.jpg
131,257,159,422,389,000329854.jpg,000040314.jpg
131,253,168,423,388,000329854.jpg,000040314.jpg
3717,157,189,229,310,000009979.jpg,000038740.jpg
3717,165,168,240,293,000009979.jpg,000038740.jpg
3717,157,189,229,310,000009979.jpg,000038741.jpg
3717,165,168,240,293,000009979.jpg,000038741.jpg
3717,157,189,229,310,000009979.jpg,000038742.jpg
3717,165,168,240,293,000009979.jpg,000038742.jpg
3717,157,189,229,310,000009979.jpg,000038743.jpg
3717,165,168,240,293,000009979.jpg,000038743.jpg
3717,157,189,229,310,000009979.jpg,000038744.jpg
3717,165,168,240,293,000009979.jpg,000038744.jpg
5256,169,212,452,354,000017307.jpg,000089010.jpg
5256,175,234,420,433,000017307.jpg,000089010.jpg
5256,169,212,452,354,000017307.jpg,000089011.jpg
5256,175,234,420,433,000017307.jpg,000089011.jpg
5256,169,212,452,354,000017307.jpg,000089012.jpg
5256,175,234,420,433,000017307.jpg,000089012.jpg
5256,169,212,452,354,000017307.jpg,000089013.jpg
5256,175,234,420,433,000017307.jpg,000089013.jpg
5258,109,288,699,571,000098778.jpg,000019625.jpg
5258,17,406,656,586,000098778.jpg,000019625.jpg
5258,109,288,699,571,000098778.jpg,000019626.jpg
5258,17,406,656,586,000098778.jpg,000019626.jpg
5258,109,288,699,571,000098778.jpg,000019627.jpg
5258,17,406,656,586,000098778.jpg,000019627.jpg
5258,109,288,699,571,000098778.jpg,000019628.jpg
5258,17,406,656,586,000098778.jpg,000019628.jpg
3723,228,169,260,339,000010764.jpg,000060885.jpg
3723,229,164,269,335,000010764.jpg,000060885.jpg
3723,228,169,260,339,000010764.jpg,000060886.jpg
3723,229,164,269,335,000010764.jpg,000060886.jpg
3723,228,169,260,339,000010764.jpg,000060887.jpg
3723,229,164,269,335,000010764.jpg,000060887.jpg
3723,228,169,260,339,000010764.jpg,000060888.jpg
3723,229,164,269,335,000010764.jpg,000060888.jpg
3723,440,731,1053,1719,000001605.jpg,000060885.jpg
3723,461,638,1079,1579,000001605.jpg,000060885.jpg
3723,440,731,1053,1719,000001605.jpg,000060886.jpg
3723,461,638,1079,1579,000001605.jpg,000060886.jpg
3723,440,731,1053,1719,000001605.jpg,000060887.jpg
3723,461,638,1079,1579,000001605.jpg,000060887.jpg
3723,440,731,1053,1719,000001605.jpg,000060888.jpg
3723,461,638,1079,1579,000001605.jpg,000060888.jpg
3723,318,641,999,1368,000015058.jpg,000060885.jpg
3723,354,614,1017,1313,000015058.jpg,000060885.jpg
3723,318,641,999,1368,000015058.jpg,000060886.jpg
3723,354,614,1017,1313,000015058.jpg,000060886.jpg
3723,318,641,999,1368,000015058.jpg,000060887.jpg
3723,354,614,1017,1313,000015058.jpg,000060887.jpg
3723,318,641,999,1368,000015058.jpg,000060888.jpg
3723,354,614,1017,1313,000015058.jpg,000060888.jpg
3723,64,211,411,229,000016985.jpg,000060885.jpg
3723,115,86,201,145,000016985.jpg,000060885.jpg
3723,425,116,397,197,000016985.jpg,000060885.jpg
3723,4,285,400,240,000016985.jpg,000060885.jpg
3723,64,211,411,229,000016985.jpg,000060886.jpg
3723,115,86,201,145,000016985.jpg,000060886.jpg
3723,425,116,397,197,000016985.jpg,000060886.jpg
3723,4,285,400,240,000016985.jpg,000060886.jpg
3723,64,211,411,229,000016985.jpg,000060887.jpg
3723,115,86,201,145,000016985.jpg,000060887.jpg
3723,425,116,397,197,000016985.jpg,000060887.jpg
3723,4,285,400,240,000016985.jpg,000060887.jpg
3723,64,211,411,229,000016985.jpg,000060888.jpg
3723,115,86,201,145,000016985.jpg,000060888.jpg
3723,425,116,397,197,000016985.jpg,000060888.jpg
3723,4,285,400,240,000016985.jpg,000060888.jpg
3723,273,313,477,745,000002799.jpg,000060885.jpg
3723,261,309,489,682,000002799.jpg,000060885.jpg
3723,273,313,477,745,000002799.jpg,000060886.jpg
3723,261,309,489,682,000002799.jpg,000060886.jpg
3723,273,313,477,745,000002799.jpg,000060887.jpg
3723,261,309,489,682,000002799.jpg,000060887.jpg
3723,273,313,477,745,000002799.jpg,000060888.jpg
3723,261,309,489,682,000002799.jpg,000060888.jpg
2186,545,990,1275,1195,000005605.jpg,000029773.jpg
2186,570,950,1275,1225,000005605.jpg,000029773.jpg
2186,545,990,1275,1195,000005605.jpg,000029774.jpg
2186,570,950,1275,1225,000005605.jpg,000029774.jpg
2186,545,990,1275,1195,000005605.jpg,000029775.jpg
2186,570,950,1275,1225,000005605.jpg,000029775.jpg
2186,545,990,1275,1195,000005605.jpg,000029776.jpg
2186,570,950,1275,1225,000005605.jpg,000029776.jpg
2186,545,990,1275,1195,000005605.jpg,000029777.jpg
2186,570,950,1275,1225,000005605.jpg,000029777.jpg
2704,486,450,1045,992,000008866.jpg,000039328.jpg
2704,555,4,1024,4,000008866.jpg,000039328.jpg
2704,486,450,1002,970,000008866.jpg,000039328.jpg
2704,486,450,1045,992,000008866.jpg,000039330.jpg
2704,555,4,1024,4,000008866.jpg,000039330.jpg
2704,486,450,1002,970,000008866.jpg,000039330.jpg
2704,486,450,1045,992,000008866.jpg,000039331.jpg
2704,555,4,1024,4,000008866.jpg,000039331.jpg
2704,486,450,1002,970,000008866.jpg,000039331.jpg
2704,486,450,1045,992,000008866.jpg,000039332.jpg
2704,555,4,1024,4,000008866.jpg,000039332.jpg
2704,486,450,1002,970,000008866.jpg,000039332.jpg
2704,486,450,1045,992,000008866.jpg,000039333.jpg
2704,555,4,1024,4,000008866.jpg,000039333.jpg
2704,486,450,1002,970,000008866.jpg,000039333.jpg
2704,79,218,239,365,000013604.jpg,000039328.jpg
2704,100,188,277,355,000013604.jpg,000039328.jpg
2704,79,218,239,365,000013604.jpg,000039330.jpg
2704,100,188,277,355,000013604.jpg,000039330.jpg
2704,79,218,239,365,000013604.jpg,000039331.jpg
2704,100,188,277,355,000013604.jpg,000039331.jpg
2704,79,218,239,365,000013604.jpg,000039332.jpg
2704,100,188,277,355,000013604.jpg,000039332.jpg
2704,79,218,239,365,000013604.jpg,000039333.jpg
2704,100,188,277,355,000013604.jpg,000039333.jpg
1180,555,1215,1300,975,000014531.jpg,000054635.jpg
1180,505,1280,1210,1060,000014531.jpg,000054635.jpg
1180,555,1215,1300,975,000014531.jpg,000054636.jpg
1180,505,1280,1210,1060,000014531.jpg,000054636.jpg
1180,555,1215,1300,975,000014531.jpg,000054637.jpg
1180,505,1280,1210,1060,000014531.jpg,000054637.jpg
1180,555,1215,1300,975,000014531.jpg,000054638.jpg
1180,505,1280,1210,1060,000014531.jpg,000054638.jpg
1180,555,1215,1300,975,000014531.jpg,000054639.jpg
1180,505,1280,1210,1060,000014531.jpg,000054639.jpg
1183,152,296,591,520,000008519.jpg,000073274.jpg
1183,134,318,636,503,000008519.jpg,000073274.jpg
1183,152,296,591,520,000008519.jpg,000073275.jpg
1183,134,318,636,503,000008519.jpg,000073275.jpg
1183,152,296,591,520,000008519.jpg,000073276.jpg
1183,134,318,636,503,000008519.jpg,000073276.jpg
1183,152,296,591,520,000008519.jpg,000073277.jpg
1183,134,318,636,503,000008519.jpg,000073277.jpg
1183,152,296,591,520,000008519.jpg,000073278.jpg
1183,134,318,636,503,000008519.jpg,000073278.jpg
1183,180,287,738,394,000003455.jpg,000073274.jpg
1183,176,298,745,381,000003455.jpg,000073274.jpg
1183,180,287,738,394,000003455.jpg,000073275.jpg
1183,176,298,745,381,000003455.jpg,000073275.jpg
1183,180,287,738,394,000003455.jpg,000073276.jpg
1183,176,298,745,381,000003455.jpg,000073276.jpg
1183,180,287,738,394,000003455.jpg,000073277.jpg
1183,176,298,745,381,000003455.jpg,000073277.jpg
1183,180,287,738,394,000003455.jpg,000073278.jpg
1183,176,298,745,381,000003455.jpg,000073278.jpg
3236,128,308,348,420,000014934.jpg,000074430.jpg
3236,168,240,382,364,000014934.jpg,000074430.jpg
3236,128,308,348,420,000014934.jpg,000074431.jpg
3236,168,240,382,364,000014934.jpg,000074431.jpg
3236,128,308,348,420,000014934.jpg,000074432.jpg
3236,168,240,382,364,000014934.jpg,000074432.jpg
3236,75,827,1458,1091,000015978.jpg,000074430.jpg
3236,199,562,1398,1156,000015978.jpg,000074430.jpg
3236,75,827,1458,1091,000015978.jpg,000074431.jpg
3236,199,562,1398,1156,000015978.jpg,000074431.jpg
3236,75,827,1458,1091,000015978.jpg,000074432.jpg
3236,199,562,1398,1156,000015978.jpg,000074432.jpg
3236,695,705,1150,1190,000003750.jpg,000074430.jpg
3236,790,565,1255,1125,000003750.jpg,000074430.jpg
3236,695,705,1150,1190,000003750.jpg,000074431.jpg
3236,790,565,1255,1125,000003750.jpg,000074431.jpg
3236,695,705,1150,1190,000003750.jpg,000074432.jpg
3236,790,565,1255,1125,000003750.jpg,000074432.jpg
165,789,488,900,531,000010939.jpg,000047383.jpg
165,740,537,900,451,000010939.jpg,000047383.jpg
165,789,488,900,531,000010939.jpg,000047385.jpg
165,740,537,900,451,000010939.jpg,000047385.jpg
165,789,488,900,531,000010939.jpg,000047387.jpg
165,740,537,900,451,000010939.jpg,000047387.jpg
165,789,488,900,531,000010939.jpg,000047388.jpg
165,740,537,900,451,000010939.jpg,000047388.jpg
1197,1149,1098,2600,1633,000008576.jpg,000035336.jpg
1197,1278,864,2566,1685,000008576.jpg,000035336.jpg
1197,1149,1098,2600,1633,000008576.jpg,000035337.jpg
1197,1278,864,2566,1685,000008576.jpg,000035337.jpg
1197,1149,1098,2600,1633,000008576.jpg,000035338.jpg
1197,1278,864,2566,1685,000008576.jpg,000035338.jpg
1197,1149,1098,2600,1633,000008576.jpg,000035339.jpg
1197,1278,864,2566,1685,000008576.jpg,000035339.jpg
2226,981,823,2815,1550,000363636.jpg,000039386.jpg
2226,884,964,2744,1683,000363636.jpg,000039386.jpg
2226,981,823,2815,1550,000363636.jpg,000039387.jpg
2226,884,964,2744,1683,000363636.jpg,000039387.jpg
2226,981,823,2815,1550,000363636.jpg,000039388.jpg
2226,884,964,2744,1683,000363636.jpg,000039388.jpg
2226,981,823,2815,1550,000363636.jpg,000039389.jpg
2226,884,964,2744,1683,000363636.jpg,000039389.jpg
2226,981,823,2815,1550,000363636.jpg,000039390.jpg
2226,884,964,2744,1683,000363636.jpg,000039390.jpg
2740,530,872,1275,1317,000018434.jpg,000088227.jpg
2740,530,872,1275,1317,000018434.jpg,000088228.jpg
2740,530,872,1275,1317,000018434.jpg,000088229.jpg
1208,746,735,1643,1213,000011464.jpg,000085165.jpg
1208,711,782,1573,1300,000011464.jpg,000085165.jpg
1208,746,735,1643,1213,000011464.jpg,000085166.jpg
1208,711,782,1573,1300,000011464.jpg,000085166.jpg
1208,746,735,1643,1213,000011464.jpg,000085167.jpg
1208,711,782,1573,1300,000011464.jpg,000085167.jpg
1208,746,735,1643,1213,000011464.jpg,000085168.jpg
1208,711,782,1573,1300,000011464.jpg,000085168.jpg
1727,180,279,508,683,000017042.jpg,000088497.jpg
1727,210,257,512,666,000017042.jpg,000088497.jpg
1727,180,279,508,683,000017042.jpg,000088498.jpg
1727,210,257,512,666,000017042.jpg,000088498.jpg
1727,180,279,508,683,000017042.jpg,000088499.jpg
1727,210,257,512,666,000017042.jpg,000088499.jpg
1727,185,186,287,412,000015527.jpg,000088497.jpg
1727,215,144,316,389,000015527.jpg,000088497.jpg
1727,185,186,287,412,000015527.jpg,000088498.jpg
1727,215,144,316,389,000015527.jpg,000088498.jpg
1727,185,186,287,412,000015527.jpg,000088499.jpg
1727,215,144,316,389,000015527.jpg,000088499.jpg
3775,178,294,536,548,000018065.jpg,000059202.jpg
3775,206,274,291,789,000018065.jpg,000059202.jpg
3775,178,294,536,548,000018065.jpg,000059204.jpg
3775,206,274,291,789,000018065.jpg,000059204.jpg
3775,178,294,536,548,000018065.jpg,000059206.jpg
3775,206,274,291,789,000018065.jpg,000059206.jpg
3775,178,294,536,548,000018065.jpg,000059208.jpg
3775,206,274,291,789,000018065.jpg,000059208.jpg
2256,359,215,303,638,000013158.jpg,000090418.jpg
2256,691,199,357,594,000013158.jpg,000090418.jpg
2256,682,194,329,629,000013158.jpg,000090418.jpg
2256,86,206,371,587,000013158.jpg,000090418.jpg
2256,385,229,366,587,000013158.jpg,000090418.jpg
2256,60,218,336,594,000013158.jpg,000090418.jpg
2256,359,215,303,638,000013158.jpg,000090419.jpg
2256,691,199,357,594,000013158.jpg,000090419.jpg
2256,682,194,329,629,000013158.jpg,000090419.jpg
2256,86,206,371,587,000013158.jpg,000090419.jpg
2256,385,229,366,587,000013158.jpg,000090419.jpg
2256,60,218,336,594,000013158.jpg,000090419.jpg
2256,359,215,303,638,000013158.jpg,000090420.jpg
2256,691,199,357,594,000013158.jpg,000090420.jpg
2256,682,194,329,629,000013158.jpg,000090420.jpg
2256,86,206,371,587,000013158.jpg,000090420.jpg
2256,385,229,366,587,000013158.jpg,000090420.jpg
2256,60,218,336,594,000013158.jpg,000090420.jpg
2256,691,253,394,568,000014118.jpg,000090418.jpg
2256,390,243,399,561,000014118.jpg,000090418.jpg
2256,366,241,399,561,000014118.jpg,000090418.jpg
2256,693,206,371,563,000014118.jpg,000090418.jpg
2256,72,241,387,566,000014118.jpg,000090418.jpg
2256,79,208,378,582,000014118.jpg,000090418.jpg
2256,691,253,394,568,000014118.jpg,000090419.jpg
2256,390,243,399,561,000014118.jpg,000090419.jpg
2256,366,241,399,561,000014118.jpg,000090419.jpg
2256,693,206,371,563,000014118.jpg,000090419.jpg
2256,72,241,387,566,000014118.jpg,000090419.jpg
2256,79,208,378,582,000014118.jpg,000090419.jpg
2256,691,253,394,568,000014118.jpg,000090420.jpg
2256,390,243,399,561,000014118.jpg,000090420.jpg
2256,366,241,399,561,000014118.jpg,000090420.jpg
2256,693,206,371,563,000014118.jpg,000090420.jpg
2256,72,241,387,566,000014118.jpg,000090420.jpg
2256,79,208,378,582,000014118.jpg,000090420.jpg
218,585,595,1271,1065,000015717.jpg,000055958.jpg
218,557,624,1337,950,000015717.jpg,000055958.jpg
218,585,595,1271,1065,000015717.jpg,000055959.jpg
218,557,624,1337,950,000015717.jpg,000055959.jpg
218,585,595,1271,1065,000015717.jpg,000055960.jpg
218,557,624,1337,950,000015717.jpg,000055960.jpg
218,585,595,1271,1065,000015717.jpg,000055961.jpg
218,557,624,1337,950,000015717.jpg,000055961.jpg
731,205,78,301,128,000012982.jpg,000046104.jpg
731,209,67,313,98,000012982.jpg,000046104.jpg
731,205,78,301,128,000012982.jpg,000046105.jpg
731,209,67,313,98,000012982.jpg,000046105.jpg
731,205,78,301,128,000012982.jpg,000046106.jpg
731,209,67,313,98,000012982.jpg,000046106.jpg
2268,123,366,508,452,000018096.jpg,000083773.jpg
2268,123,366,508,452,000018096.jpg,000083774.jpg
2268,123,366,508,452,000018096.jpg,000083775.jpg
2268,123,366,508,452,000018096.jpg,000083776.jpg
2268,123,366,508,452,000018096.jpg,000083777.jpg
2268,210,365,631,700,000009484.jpg,000083773.jpg
2268,210,365,631,700,000009484.jpg,000083774.jpg
2268,210,365,631,700,000009484.jpg,000083775.jpg
2268,210,365,631,700,000009484.jpg,000083776.jpg
2268,210,365,631,700,000009484.jpg,000083777.jpg
2780,173,281,593,513,000016887.jpg,000086345.jpg
2780,191,257,602,609,000016887.jpg,000086345.jpg
2780,173,281,593,513,000016887.jpg,000086346.jpg
2780,191,257,602,609,000016887.jpg,000086346.jpg
2780,173,281,593,513,000016887.jpg,000086347.jpg
2780,191,257,602,609,000016887.jpg,000086347.jpg
2780,173,281,593,513,000016887.jpg,000086348.jpg
2780,191,257,602,609,000016887.jpg,000086348.jpg
2780,173,281,593,513,000016887.jpg,000086349.jpg
2780,191,257,602,609,000016887.jpg,000086349.jpg
2781,208,285,918,91,000005173.jpg,000078075.jpg
2781,218,255,914,106,000005173.jpg,000078075.jpg
2781,208,285,918,91,000005173.jpg,000078076.jpg
2781,218,255,914,106,000005173.jpg,000078076.jpg
2781,208,285,918,91,000005173.jpg,000078077.jpg
2781,218,255,914,106,000005173.jpg,000078077.jpg
2781,208,285,918,91,000005173.jpg,000078078.jpg
2781,218,255,914,106,000005173.jpg,000078078.jpg
2787,64,402,383,835,000015770.jpg,000019218.jpg
2787,64,402,383,835,000015770.jpg,000019219.jpg
2787,64,402,383,835,000015770.jpg,000019220.jpg
2787,64,402,383,835,000015770.jpg,000019221.jpg
2787,64,402,383,835,000015770.jpg,000097222.jpg
2787,416,372,694,778,000017622.jpg,000019218.jpg
2787,416,372,694,778,000017622.jpg,000019219.jpg
2787,416,372,694,778,000017622.jpg,000019220.jpg
2787,416,372,694,778,000017622.jpg,000019221.jpg
2787,416,372,694,778,000017622.jpg,000097222.jpg
5349,134,186,294,328,000008570.jpg,000019028.jpg
5349,134,186,294,328,000008570.jpg,000019029.jpg
5349,134,186,294,328,000008570.jpg,000019030.jpg
5349,134,186,294,328,000008570.jpg,000019031.jpg
5349,123,203,352,251,000015065.jpg,000019028.jpg
5349,123,203,352,251,000015065.jpg,000019029.jpg
5349,123,203,352,251,000015065.jpg,000019030.jpg
5349,123,203,352,251,000015065.jpg,000019031.jpg
3302,1013,616,1154,715,000001373.jpg,000065050.jpg
3302,897,760,1154,707,000001373.jpg,000065050.jpg
3302,1013,616,1154,715,000001373.jpg,000065051.jpg
3302,897,760,1154,707,000001373.jpg,000065051.jpg
3302,1013,616,1154,715,000001373.jpg,000065052.jpg
3302,897,760,1154,707,000001373.jpg,000065052.jpg
3302,1013,616,1154,715,000001373.jpg,000065054.jpg
3302,897,760,1154,707,000001373.jpg,000065054.jpg
3302,1013,616,1154,715,000001373.jpg,000065056.jpg
3302,897,760,1154,707,000001373.jpg,000065056.jpg
3302,1013,616,1154,715,000001373.jpg,000097460.jpg
3302,897,760,1154,707,000001373.jpg,000097460.jpg
3302,351,127,327,106,000000700.jpg,000065050.jpg
3302,359,112,351,78,000000700.jpg,000065050.jpg
3302,351,127,327,106,000000700.jpg,000065051.jpg
3302,359,112,351,78,000000700.jpg,000065051.jpg
3302,351,127,327,106,000000700.jpg,000065052.jpg
3302,359,112,351,78,000000700.jpg,000065052.jpg
3302,351,127,327,106,000000700.jpg,000065054.jpg
3302,359,112,351,78,000000700.jpg,000065054.jpg
3302,351,127,327,106,000000700.jpg,000065056.jpg
3302,359,112,351,78,000000700.jpg,000065056.jpg
3302,351,127,327,106,000000700.jpg,000097460.jpg
3302,359,112,351,78,000000700.jpg,000097460.jpg
3302,218,362,498,586,000013833.jpg,000065050.jpg
3302,276,316,504,594,000013833.jpg,000065050.jpg
3302,218,362,498,586,000013833.jpg,000065051.jpg
3302,276,316,504,594,000013833.jpg,000065051.jpg
3302,218,362,498,586,000013833.jpg,000065052.jpg
3302,276,316,504,594,000013833.jpg,000065052.jpg
3302,218,362,498,586,000013833.jpg,000065054.jpg
3302,276,316,504,594,000013833.jpg,000065054.jpg
3302,218,362,498,586,000013833.jpg,000065056.jpg
3302,276,316,504,594,000013833.jpg,000065056.jpg
3302,218,362,498,586,000013833.jpg,000097460.jpg
3302,276,316,504,594,000013833.jpg,000097460.jpg
3302,1200,813,2738,1383,000010207.jpg,000065050.jpg
3302,1166,847,2695,1443,000010207.jpg,000065050.jpg
3302,1200,813,2738,1383,000010207.jpg,000065051.jpg
3302,1166,847,2695,1443,000010207.jpg,000065051.jpg
3302,1200,813,2738,1383,000010207.jpg,000065052.jpg
3302,1166,847,2695,1443,000010207.jpg,000065052.jpg
3302,1200,813,2738,1383,000010207.jpg,000065054.jpg
3302,1166,847,2695,1443,000010207.jpg,000065054.jpg
3302,1200,813,2738,1383,000010207.jpg,000065056.jpg
3302,1166,847,2695,1443,000010207.jpg,000065056.jpg
3302,1200,813,2738,1383,000010207.jpg,000097460.jpg
3302,1166,847,2695,1443,000010207.jpg,000097460.jpg
3302,473,484,992,619,000011120.jpg,000065050.jpg
3302,463,498,1054,533,000011120.jpg,000065050.jpg
3302,473,484,992,619,000011120.jpg,000065051.jpg
3302,463,498,1054,533,000011120.jpg,000065051.jpg
3302,473,484,992,619,000011120.jpg,000065052.jpg
3302,463,498,1054,533,000011120.jpg,000065052.jpg
3302,473,484,992,619,000011120.jpg,000065054.jpg
3302,463,498,1054,533,000011120.jpg,000065054.jpg
3302,473,484,992,619,000011120.jpg,000065056.jpg
3302,463,498,1054,533,000011120.jpg,000065056.jpg
3302,473,484,992,619,000011120.jpg,000097460.jpg
3302,463,498,1054,533,000011120.jpg,000097460.jpg
3302,225,134,276,277,000006506.jpg,000065050.jpg
3302,232,104,284,258,000006506.jpg,000065050.jpg
3302,225,134,276,277,000006506.jpg,000065051.jpg
3302,232,104,284,258,000006506.jpg,000065051.jpg
3302,225,134,276,277,000006506.jpg,000065052.jpg
3302,232,104,284,258,000006506.jpg,000065052.jpg
3302,225,134,276,277,000006506.jpg,000065054.jpg
3302,232,104,284,258,000006506.jpg,000065054.jpg
3302,225,134,276,277,000006506.jpg,000065056.jpg
3302,232,104,284,258,000006506.jpg,000065056.jpg
3302,225,134,276,277,000006506.jpg,000097460.jpg
3302,232,104,284,258,000006506.jpg,000097460.jpg
3302,880,764,1585,1376,000016649.jpg,000065050.jpg
3302,973,723,1678,1364,000016649.jpg,000065050.jpg
3302,880,764,1585,1376,000016649.jpg,000065051.jpg
3302,973,723,1678,1364,000016649.jpg,000065051.jpg
3302,880,764,1585,1376,000016649.jpg,000065052.jpg
3302,973,723,1678,1364,000016649.jpg,000065052.jpg
3302,880,764,1585,1376,000016649.jpg,000065054.jpg
3302,973,723,1678,1364,000016649.jpg,000065054.jpg
3302,880,764,1585,1376,000016649.jpg,000065056.jpg
3302,973,723,1678,1364,000016649.jpg,000065056.jpg
3302,880,764,1585,1376,000016649.jpg,000097460.jpg
3302,973,723,1678,1364,000016649.jpg,000097460.jpg
3302,213,147,330,215,000011503.jpg,000065050.jpg
3302,184,179,315,316,000011503.jpg,000065050.jpg
3302,213,147,330,215,000011503.jpg,000065051.jpg
3302,184,179,315,316,000011503.jpg,000065051.jpg
3302,213,147,330,215,000011503.jpg,000065052.jpg
3302,184,179,315,316,000011503.jpg,000065052.jpg
3302,213,147,330,215,000011503.jpg,000065054.jpg
3302,184,179,315,316,000011503.jpg,000065054.jpg
3302,213,147,330,215,000011503.jpg,000065056.jpg
3302,184,179,315,316,000011503.jpg,000065056.jpg
3302,213,147,330,215,000011503.jpg,000097460.jpg
3302,184,179,315,316,000011503.jpg,000097460.jpg
3302,186,331,522,481,000013934.jpg,000065050.jpg
3302,183,299,494,515,000013934.jpg,000065050.jpg
3302,186,331,522,481,000013934.jpg,000065051.jpg
3302,183,299,494,515,000013934.jpg,000065051.jpg
3302,186,331,522,481,000013934.jpg,000065052.jpg
3302,183,299,494,515,000013934.jpg,000065052.jpg
3302,186,331,522,481,000013934.jpg,000065054.jpg
3302,183,299,494,515,000013934.jpg,000065054.jpg
3302,186,331,522,481,000013934.jpg,000065056.jpg
3302,183,299,494,515,000013934.jpg,000065056.jpg
3302,186,331,522,481,000013934.jpg,000097460.jpg
3302,183,299,494,515,000013934.jpg,000097460.jpg
3302,298,222,667,474,000009403.jpg,000065050.jpg
3302,268,254,667,451,000009403.jpg,000065050.jpg
3302,298,222,667,474,000009403.jpg,000065051.jpg
3302,268,254,667,451,000009403.jpg,000065051.jpg
3302,298,222,667,474,000009403.jpg,000065052.jpg
3302,268,254,667,451,000009403.jpg,000065052.jpg
3302,298,222,667,474,000009403.jpg,000065054.jpg
3302,268,254,667,451,000009403.jpg,000065054.jpg
3302,298,222,667,474,000009403.jpg,000065056.jpg
3302,268,254,667,451,000009403.jpg,000065056.jpg
3302,298,222,667,474,000009403.jpg,000097460.jpg
3302,268,254,667,451,000009403.jpg,000097460.jpg
3302,410,496,1552,170,000012782.jpg,000065050.jpg
3302,339,575,1464,258,000012782.jpg,000065050.jpg
3302,410,496,1552,170,000012782.jpg,000065051.jpg
3302,339,575,1464,258,000012782.jpg,000065051.jpg
3302,410,496,1552,170,000012782.jpg,000065052.jpg
3302,339,575,1464,258,000012782.jpg,000065052.jpg
3302,410,496,1552,170,000012782.jpg,000065054.jpg
3302,339,575,1464,258,000012782.jpg,000065054.jpg
3302,410,496,1552,170,000012782.jpg,000065056.jpg
3302,339,575,1464,258,000012782.jpg,000065056.jpg
3302,410,496,1552,170,000012782.jpg,000097460.jpg
3302,339,575,1464,258,000012782.jpg,000097460.jpg
3302,803,1366,2419,2065,000002639.jpg,000065050.jpg
3302,639,1651,2445,2100,000002639.jpg,000065050.jpg
3302,803,1366,2419,2065,000002639.jpg,000065051.jpg
3302,639,1651,2445,2100,000002639.jpg,000065051.jpg
3302,803,1366,2419,2065,000002639.jpg,000065052.jpg
3302,639,1651,2445,2100,000002639.jpg,000065052.jpg
3302,803,1366,2419,2065,000002639.jpg,000065054.jpg
3302,639,1651,2445,2100,000002639.jpg,000065054.jpg
3302,803,1366,2419,2065,000002639.jpg,000065056.jpg
3302,639,1651,2445,2100,000002639.jpg,000065056.jpg
3302,803,1366,2419,2065,000002639.jpg,000097460.jpg
3302,639,1651,2445,2100,000002639.jpg,000097460.jpg
4331,871,256,845,300,000018369.jpg,000062357.jpg
4331,650,261,876,200,000018369.jpg,000062357.jpg
4331,871,256,845,300,000018369.jpg,000062359.jpg
4331,650,261,876,200,000018369.jpg,000062359.jpg
4331,871,256,845,300,000018369.jpg,000062361.jpg
4331,650,261,876,200,000018369.jpg,000062361.jpg
4331,871,256,845,300,000018369.jpg,000062363.jpg
4331,650,261,876,200,000018369.jpg,000062363.jpg
1259,316,235,428,511,000004853.jpg,000075726.jpg
1259,316,235,428,511,000004853.jpg,000075727.jpg
1259,316,235,428,511,000004853.jpg,000075728.jpg
1259,316,235,428,511,000004853.jpg,000075729.jpg
1778,631,1180,2065,1181,000000556.jpg,000064508.jpg
1778,477,1503,1936,1446,000000556.jpg,000064508.jpg
1778,631,1180,2065,1181,000000556.jpg,000064509.jpg
1778,477,1503,1936,1446,000000556.jpg,000064509.jpg
1778,631,1180,2065,1181,000000556.jpg,000064510.jpg
1778,477,1503,1936,1446,000000556.jpg,000064510.jpg
1778,631,1180,2065,1181,000000556.jpg,000064511.jpg
1778,477,1503,1936,1446,000000556.jpg,000064511.jpg
1778,631,1180,2065,1181,000000556.jpg,000064512.jpg
1778,477,1503,1936,1446,000000556.jpg,000064512.jpg
1778,730,495,1710,815,000013961.jpg,000064508.jpg
1778,710,525,1735,810,000013961.jpg,000064508.jpg
1778,730,495,1710,815,000013961.jpg,000064509.jpg
1778,710,525,1735,810,000013961.jpg,000064509.jpg
1778,730,495,1710,815,000013961.jpg,000064510.jpg
1778,710,525,1735,810,000013961.jpg,000064510.jpg
1778,730,495,1710,815,000013961.jpg,000064511.jpg
1778,710,525,1735,810,000013961.jpg,000064511.jpg
1778,730,495,1710,815,000013961.jpg,000064512.jpg
1778,710,525,1735,810,000013961.jpg,000064512.jpg
2300,284,929,1271,1092,000001712.jpg,000058514.jpg
2300,307,867,1309,1030,000001712.jpg,000058514.jpg
2300,284,929,1271,1092,000001712.jpg,000058515.jpg
2300,307,867,1309,1030,000001712.jpg,000058515.jpg
2300,284,929,1271,1092,000001712.jpg,000058516.jpg
2300,307,867,1309,1030,000001712.jpg,000058516.jpg
2300,284,929,1271,1092,000001712.jpg,000058517.jpg
2300,307,867,1309,1030,000001712.jpg,000058517.jpg
3327,1959,951,1544,1475,000006329.jpg,000079091.jpg
3327,2112,658,1579,1486,000006329.jpg,000079091.jpg
3327,1959,951,1544,1475,000006329.jpg,000079093.jpg
3327,2112,658,1579,1486,000006329.jpg,000079093.jpg
3327,1959,951,1544,1475,000006329.jpg,000079095.jpg
3327,2112,658,1579,1486,000006329.jpg,000079095.jpg
3327,1959,951,1544,1475,000006329.jpg,000079096.jpg
3327,2112,658,1579,1486,000006329.jpg,000079096.jpg
1805,158,236,322,192,000007040.jpg,000019098.jpg
1805,158,236,322,192,000007040.jpg,000019099.jpg
1805,158,236,322,192,000007040.jpg,000019100.jpg
1805,158,236,322,192,000007040.jpg,000019101.jpg
1805,891,461,1212,1114,000330495.jpg,000019098.jpg
1805,891,461,1212,1114,000330495.jpg,000019099.jpg
1805,891,461,1212,1114,000330495.jpg,000019100.jpg
1805,891,461,1212,1114,000330495.jpg,000019101.jpg
782,751,443,1569,733,000004627.jpg,000026102.jpg
782,723,471,1243,1050,000004627.jpg,000026102.jpg
782,751,443,1569,733,000004627.jpg,000026103.jpg
782,723,471,1243,1050,000004627.jpg,000026103.jpg
782,751,443,1569,733,000004627.jpg,000026104.jpg
782,723,471,1243,1050,000004627.jpg,000026104.jpg
782,751,443,1569,733,000004627.jpg,000026105.jpg
782,723,471,1243,1050,000004627.jpg,000026105.jpg
782,751,443,1569,733,000004627.jpg,000026106.jpg
782,723,471,1243,1050,000004627.jpg,000026106.jpg
782,663,196,611,281,000005146.jpg,000026102.jpg
782,163,198,604,234,000005146.jpg,000026102.jpg
782,675,169,599,286,000005146.jpg,000026102.jpg
782,168,159,575,244,000005146.jpg,000026102.jpg
782,663,196,611,281,000005146.jpg,000026103.jpg
782,163,198,604,234,000005146.jpg,000026103.jpg
782,675,169,599,286,000005146.jpg,000026103.jpg
782,168,159,575,244,000005146.jpg,000026103.jpg
782,663,196,611,281,000005146.jpg,000026104.jpg
782,163,198,604,234,000005146.jpg,000026104.jpg
782,675,169,599,286,000005146.jpg,000026104.jpg
782,168,159,575,244,000005146.jpg,000026104.jpg
782,663,196,611,281,000005146.jpg,000026105.jpg
782,163,198,604,234,000005146.jpg,000026105.jpg
782,675,169,599,286,000005146.jpg,000026105.jpg
782,168,159,575,244,000005146.jpg,000026105.jpg
782,663,196,611,281,000005146.jpg,000026106.jpg
782,163,198,604,234,000005146.jpg,000026106.jpg
782,675,169,599,286,000005146.jpg,000026106.jpg
782,168,159,575,244,000005146.jpg,000026106.jpg
782,62,206,276,284,000005802.jpg,000026102.jpg
782,79,174,291,279,000005802.jpg,000026102.jpg
782,62,206,276,284,000005802.jpg,000026103.jpg
782,79,174,291,279,000005802.jpg,000026103.jpg
782,62,206,276,284,000005802.jpg,000026104.jpg
782,79,174,291,279,000005802.jpg,000026104.jpg
782,62,206,276,284,000005802.jpg,000026105.jpg
782,79,174,291,279,000005802.jpg,000026105.jpg
782,62,206,276,284,000005802.jpg,000026106.jpg
782,79,174,291,279,000005802.jpg,000026106.jpg
4881,319,294,562,503,000000055.jpg,000048175.jpg
4881,345,246,593,472,000000055.jpg,000048175.jpg
4881,319,294,562,503,000000055.jpg,000048176.jpg
4881,345,246,593,472,000000055.jpg,000048176.jpg
4881,319,294,562,503,000000055.jpg,000048177.jpg
4881,345,246,593,472,000000055.jpg,000048177.jpg
4881,319,294,562,503,000000055.jpg,000048178.jpg
4881,345,246,593,472,000000055.jpg,000048178.jpg
793,310,83,921,209,000007590.jpg,000081216.jpg
793,391,166,591,533,000007590.jpg,000081216.jpg
793,204,374,578,553,000007590.jpg,000081216.jpg
793,278,100,586,187,000007590.jpg,000081216.jpg
793,310,83,921,209,000007590.jpg,000081217.jpg
793,391,166,591,533,000007590.jpg,000081217.jpg
793,204,374,578,553,000007590.jpg,000081217.jpg
793,278,100,586,187,000007590.jpg,000081217.jpg
793,310,83,921,209,000007590.jpg,000081218.jpg
793,391,166,591,533,000007590.jpg,000081218.jpg
793,204,374,578,553,000007590.jpg,000081218.jpg
793,278,100,586,187,000007590.jpg,000081218.jpg
793,310,83,921,209,000007590.jpg,000081219.jpg
793,391,166,591,533,000007590.jpg,000081219.jpg
793,204,374,578,553,000007590.jpg,000081219.jpg
793,278,100,586,187,000007590.jpg,000081219.jpg
793,310,83,921,209,000007590.jpg,000081220.jpg
793,391,166,591,533,000007590.jpg,000081220.jpg
793,204,374,578,553,000007590.jpg,000081220.jpg
793,278,100,586,187,000007590.jpg,000081220.jpg
3871,160,283,277,250,000015696.jpg,000021415.jpg
3871,127,325,257,261,000015696.jpg,000021415.jpg
3871,160,283,277,250,000015696.jpg,000021416.jpg
3871,127,325,257,261,000015696.jpg,000021416.jpg
3871,160,283,277,250,000015696.jpg,000021417.jpg
3871,127,325,257,261,000015696.jpg,000021417.jpg
3871,160,283,277,250,000015696.jpg,000021418.jpg
3871,127,325,257,261,000015696.jpg,000021418.jpg
3871,160,283,277,250,000015696.jpg,000021419.jpg
3871,127,325,257,261,000015696.jpg,000021419.jpg
3871,170,168,312,264,000010251.jpg,000021415.jpg
3871,168,158,302,288,000010251.jpg,000021415.jpg
3871,170,168,312,264,000010251.jpg,000021416.jpg
3871,168,158,302,288,000010251.jpg,000021416.jpg
3871,170,168,312,264,000010251.jpg,000021417.jpg
3871,168,158,302,288,000010251.jpg,000021417.jpg
3871,170,168,312,264,000010251.jpg,000021418.jpg
3871,168,158,302,288,000010251.jpg,000021418.jpg
3871,170,168,312,264,000010251.jpg,000021419.jpg
3871,168,158,302,288,000010251.jpg,000021419.jpg
3871,156,540,521,615,000004937.jpg,000021415.jpg
3871,204,460,495,656,000004937.jpg,000021415.jpg
3871,156,540,521,615,000004937.jpg,000021416.jpg
3871,204,460,495,656,000004937.jpg,000021416.jpg
3871,156,540,521,615,000004937.jpg,000021417.jpg
3871,204,460,495,656,000004937.jpg,000021417.jpg
3871,156,540,521,615,000004937.jpg,000021418.jpg
3871,204,460,495,656,000004937.jpg,000021418.jpg
3871,156,540,521,615,000004937.jpg,000021419.jpg
3871,204,460,495,656,000004937.jpg,000021419.jpg
4384,794,630,633,956,000012215.jpg,000020800.jpg
4384,858,478,643,942,000012215.jpg,000020800.jpg
4384,794,630,633,956,000012215.jpg,000020801.jpg
4384,858,478,643,942,000012215.jpg,000020801.jpg
4384,794,630,633,956,000012215.jpg,000020802.jpg
4384,858,478,643,942,000012215.jpg,000020802.jpg
4384,794,630,633,956,000012215.jpg,000020803.jpg
4384,858,478,643,942,000012215.jpg,000020803.jpg
4897,154,143,260,334,000008927.jpg,000032261.jpg
4897,145,140,256,335,000008927.jpg,000032261.jpg
4897,154,143,260,334,000008927.jpg,000032262.jpg
4897,145,140,256,335,000008927.jpg,000032262.jpg
4897,154,143,260,334,000008927.jpg,000032263.jpg
4897,145,140,256,335,000008927.jpg,000032263.jpg
4897,154,143,260,334,000008927.jpg,000032264.jpg
4897,145,140,256,335,000008927.jpg,000032264.jpg
799,249,396,545,546,000012117.jpg,000089297.jpg
799,321,355,660,435,000012117.jpg,000089297.jpg
799,249,396,545,546,000012117.jpg,000089298.jpg
799,321,355,660,435,000012117.jpg,000089298.jpg
799,249,396,545,546,000012117.jpg,000089299.jpg
799,321,355,660,435,000012117.jpg,000089299.jpg
799,249,396,545,546,000012117.jpg,000089300.jpg
799,321,355,660,435,000012117.jpg,000089300.jpg
799,249,396,545,546,000012117.jpg,000098070.jpg
799,321,355,660,435,000012117.jpg,000098070.jpg
804,1267,1037,3091,2132,000002470.jpg,000020960.jpg
804,1228,1124,3062,2189,000002470.jpg,000020960.jpg
804,1267,1037,3091,2132,000002470.jpg,000020961.jpg
804,1228,1124,3062,2189,000002470.jpg,000020961.jpg
804,1267,1037,3091,2132,000002470.jpg,000020962.jpg
804,1228,1124,3062,2189,000002470.jpg,000020962.jpg
804,1267,1037,3091,2132,000002470.jpg,000020963.jpg
804,1228,1124,3062,2189,000002470.jpg,000020963.jpg
804,1267,1037,3091,2132,000002470.jpg,000097508.jpg
804,1228,1124,3062,2189,000002470.jpg,000097508.jpg
804,1154,578,1661,1283,000098456.jpg,000020960.jpg
804,571,589,1725,1417,000098456.jpg,000020960.jpg
804,582,560,1754,1324,000098456.jpg,000020960.jpg
804,1130,618,1661,1388,000098456.jpg,000020960.jpg
804,1154,578,1661,1283,000098456.jpg,000020961.jpg
804,571,589,1725,1417,000098456.jpg,000020961.jpg
804,582,560,1754,1324,000098456.jpg,000020961.jpg
804,1130,618,1661,1388,000098456.jpg,000020961.jpg
804,1154,578,1661,1283,000098456.jpg,000020962.jpg
804,571,589,1725,1417,000098456.jpg,000020962.jpg
804,582,560,1754,1324,000098456.jpg,000020962.jpg
804,1130,618,1661,1388,000098456.jpg,000020962.jpg
804,1154,578,1661,1283,000098456.jpg,000020963.jpg
804,571,589,1725,1417,000098456.jpg,000020963.jpg
804,582,560,1754,1324,000098456.jpg,000020963.jpg
804,1130,618,1661,1388,000098456.jpg,000020963.jpg
804,1154,578,1661,1283,000098456.jpg,000097508.jpg
804,571,589,1725,1417,000098456.jpg,000097508.jpg
804,582,560,1754,1324,000098456.jpg,000097508.jpg
804,1130,618,1661,1388,000098456.jpg,000097508.jpg
804,219,266,673,450,000008245.jpg,000020960.jpg
804,186,290,665,466,000008245.jpg,000020960.jpg
804,219,266,673,450,000008245.jpg,000020961.jpg
804,186,290,665,466,000008245.jpg,000020961.jpg
804,219,266,673,450,000008245.jpg,000020962.jpg
804,186,290,665,466,000008245.jpg,000020962.jpg
804,219,266,673,450,000008245.jpg,000020963.jpg
804,186,290,665,466,000008245.jpg,000020963.jpg
804,219,266,673,450,000008245.jpg,000097508.jpg
804,186,290,665,466,000008245.jpg,000097508.jpg
804,262,663,1022,1126,000003006.jpg,000020960.jpg
804,360,475,1040,1092,000003006.jpg,000020960.jpg
804,1491,578,1057,1155,000003006.jpg,000020960.jpg
804,262,663,1022,1126,000003006.jpg,000020961.jpg
804,360,475,1040,1092,000003006.jpg,000020961.jpg
804,1491,578,1057,1155,000003006.jpg,000020961.jpg
804,262,663,1022,1126,000003006.jpg,000020962.jpg
804,360,475,1040,1092,000003006.jpg,000020962.jpg
804,1491,578,1057,1155,000003006.jpg,000020962.jpg
804,262,663,1022,1126,000003006.jpg,000020963.jpg
804,360,475,1040,1092,000003006.jpg,000020963.jpg
804,1491,578,1057,1155,000003006.jpg,000020963.jpg
804,262,663,1022,1126,000003006.jpg,000097508.jpg
804,360,475,1040,1092,000003006.jpg,000097508.jpg
804,1491,578,1057,1155,000003006.jpg,000097508.jpg
804,348,108,346,76,000006405.jpg,000020960.jpg
804,257,202,300,124,000006405.jpg,000020960.jpg
804,348,108,346,76,000006405.jpg,000020961.jpg
804,257,202,300,124,000006405.jpg,000020961.jpg
804,348,108,346,76,000006405.jpg,000020962.jpg
804,257,202,300,124,000006405.jpg,000020962.jpg
804,348,108,346,76,000006405.jpg,000020963.jpg
804,257,202,300,124,000006405.jpg,000020963.jpg
804,348,108,346,76,000006405.jpg,000097508.jpg
804,257,202,300,124,000006405.jpg,000097508.jpg
804,323,286,693,603,000010246.jpg,000020960.jpg
804,285,319,668,633,000010246.jpg,000020960.jpg
804,323,286,693,603,000010246.jpg,000020961.jpg
804,285,319,668,633,000010246.jpg,000020961.jpg
804,323,286,693,603,000010246.jpg,000020962.jpg
804,285,319,668,633,000010246.jpg,000020962.jpg
804,323,286,693,603,000010246.jpg,000020963.jpg
804,285,319,668,633,000010246.jpg,000020963.jpg
804,323,286,693,603,000010246.jpg,000097508.jpg
804,285,319,668,633,000010246.jpg,000097508.jpg
804,66,153,313,237,000002829.jpg,000020960.jpg
804,83,120,310,243,000002829.jpg,000020960.jpg
804,66,153,313,237,000002829.jpg,000020961.jpg
804,83,120,310,243,000002829.jpg,000020961.jpg
804,66,153,313,237,000002829.jpg,000020962.jpg
804,83,120,310,243,000002829.jpg,000020962.jpg
804,66,153,313,237,000002829.jpg,000020963.jpg
804,83,120,310,243,000002829.jpg,000020963.jpg
804,66,153,313,237,000002829.jpg,000097508.jpg
804,83,120,310,243,000002829.jpg,000097508.jpg
804,677,466,1510,599,000011660.jpg,000020960.jpg
804,677,512,1473,700,000011660.jpg,000020960.jpg
804,677,466,1510,599,000011660.jpg,000020961.jpg
804,677,512,1473,700,000011660.jpg,000020961.jpg
804,677,466,1510,599,000011660.jpg,000020962.jpg
804,677,512,1473,700,000011660.jpg,000020962.jpg
804,677,466,1510,599,000011660.jpg,000020963.jpg
804,677,512,1473,700,000011660.jpg,000020963.jpg
804,677,466,1510,599,000011660.jpg,000097508.jpg
804,677,512,1473,700,000011660.jpg,000097508.jpg
3364,967,525,1655,1102,000013876.jpg,000086729.jpg
3364,967,525,1655,1102,000013876.jpg,000086730.jpg
3364,967,525,1655,1102,000013876.jpg,000086731.jpg
3364,967,525,1655,1102,000013876.jpg,000086732.jpg
1318,378,697,1859,930,000013786.jpg,000055688.jpg
1318,312,813,1707,1061,000013786.jpg,000055688.jpg
1318,378,697,1859,930,000013786.jpg,000055689.jpg
1318,312,813,1707,1061,000013786.jpg,000055689.jpg
1318,378,697,1859,930,000013786.jpg,000055690.jpg
1318,312,813,1707,1061,000013786.jpg,000055690.jpg
1318,378,697,1859,930,000013786.jpg,000055691.jpg
1318,312,813,1707,1061,000013786.jpg,000055691.jpg
3885,270,87,196,85,000007395.jpg,000082128.jpg
3885,290,79,190,112,000007395.jpg,000082128.jpg
3885,270,87,196,85,000007395.jpg,000082129.jpg
3885,290,79,190,112,000007395.jpg,000082129.jpg
3885,270,87,196,85,000007395.jpg,000082130.jpg
3885,290,79,190,112,000007395.jpg,000082130.jpg
3885,270,87,196,85,000007395.jpg,000082131.jpg
3885,290,79,190,112,000007395.jpg,000082131.jpg
3893,915,863,891,2262,000003682.jpg,000021087.jpg
3893,920,881,920,1836,000003682.jpg,000021087.jpg
3893,915,863,891,2262,000003682.jpg,000021088.jpg
3893,920,881,920,1836,000003682.jpg,000021088.jpg
3893,915,863,891,2262,000003682.jpg,000021089.jpg
3893,920,881,920,1836,000003682.jpg,000021089.jpg
3893,280,186,130,629,000012236.jpg,000021087.jpg
3893,303,159,144,651,000012236.jpg,000021087.jpg
3893,280,186,130,629,000012236.jpg,000021088.jpg
3893,303,159,144,651,000012236.jpg,000021088.jpg
3893,280,186,130,629,000012236.jpg,000021089.jpg
3893,303,159,144,651,000012236.jpg,000021089.jpg
3893,665,509,855,1010,000002261.jpg,000021087.jpg
3893,709,432,1071,805,000002261.jpg,000021087.jpg
3893,665,509,855,1010,000002261.jpg,000021088.jpg
3893,709,432,1071,805,000002261.jpg,000021088.jpg
3893,665,509,855,1010,000002261.jpg,000021089.jpg
3893,709,432,1071,805,000002261.jpg,000021089.jpg
3893,445,610,738,1217,000014559.jpg,000021087.jpg
3893,495,461,746,771,000014559.jpg,000021087.jpg
3893,445,610,738,1217,000014559.jpg,000021088.jpg
3893,495,461,746,771,000014559.jpg,000021088.jpg
3893,445,610,738,1217,000014559.jpg,000021089.jpg
3893,495,461,746,771,000014559.jpg,000021089.jpg
3893,858,742,1541,1349,000011489.jpg,000021087.jpg
3893,1051,392,1534,1266,000011489.jpg,000021087.jpg
3893,1051,7,1499,21,000011489.jpg,000021087.jpg
3893,858,742,1541,1349,000011489.jpg,000021088.jpg
3893,1051,392,1534,1266,000011489.jpg,000021088.jpg
3893,1051,7,1499,21,000011489.jpg,000021088.jpg
3893,858,742,1541,1349,000011489.jpg,000021089.jpg
3893,1051,392,1534,1266,000011489.jpg,000021089.jpg
3893,1051,7,1499,21,000011489.jpg,000021089.jpg
319,156,165,265,345,000008504.jpg,000049986.jpg
319,156,165,265,345,000008504.jpg,000049987.jpg
319,156,165,265,345,000008504.jpg,000049988.jpg
319,156,165,265,345,000008504.jpg,000049989.jpg
319,184,174,530,476,000006864.jpg,000049986.jpg
319,206,270,506,518,000006864.jpg,000049986.jpg
319,338,156,516,504,000006864.jpg,000049986.jpg
319,184,174,530,476,000006864.jpg,000049987.jpg
319,206,270,506,518,000006864.jpg,000049987.jpg
319,338,156,516,504,000006864.jpg,000049987.jpg
319,184,174,530,476,000006864.jpg,000049988.jpg
319,206,270,506,518,000006864.jpg,000049988.jpg
319,338,156,516,504,000006864.jpg,000049988.jpg
319,184,174,530,476,000006864.jpg,000049989.jpg
319,206,270,506,518,000006864.jpg,000049989.jpg
319,338,156,516,504,000006864.jpg,000049989.jpg
2887,226,150,447,93,000011538.jpg,000086570.jpg
2887,219,187,438,102,000011538.jpg,000086570.jpg
2887,226,150,447,93,000011538.jpg,000086571.jpg
2887,219,187,438,102,000011538.jpg,000086571.jpg
2887,226,150,447,93,000011538.jpg,000086572.jpg
2887,219,187,438,102,000011538.jpg,000086572.jpg
2887,226,150,447,93,000011538.jpg,000086573.jpg
2887,219,187,438,102,000011538.jpg,000086573.jpg
3406,591,700,1210,1515,000011846.jpg,000050041.jpg
3406,618,602,1172,1542,000011846.jpg,000050041.jpg
3406,591,700,1210,1515,000011846.jpg,000050042.jpg
3406,618,602,1172,1542,000011846.jpg,000050042.jpg
3406,591,700,1210,1515,000011846.jpg,000050043.jpg
3406,618,602,1172,1542,000011846.jpg,000050043.jpg
3406,591,700,1210,1515,000011846.jpg,000050044.jpg
3406,618,602,1172,1542,000011846.jpg,000050044.jpg
3406,591,700,1210,1515,000011846.jpg,000098044.jpg
3406,618,602,1172,1542,000011846.jpg,000098044.jpg
2391,278,320,601,565,000010109.jpg,000018937.jpg
2391,278,320,601,565,000010109.jpg,000018938.jpg
2391,278,320,601,565,000010109.jpg,000018939.jpg
2391,278,320,601,565,000010109.jpg,000018940.jpg
1368,55,146,221,312,000012845.jpg,000053013.jpg
1368,42,199,222,317,000012845.jpg,000053013.jpg
1368,55,146,221,312,000012845.jpg,000053014.jpg
1368,42,199,222,317,000012845.jpg,000053014.jpg
1368,55,146,221,312,000012845.jpg,000053015.jpg
1368,42,199,222,317,000012845.jpg,000053015.jpg
1368,55,146,221,312,000012845.jpg,000053016.jpg
1368,42,199,222,317,000012845.jpg,000053016.jpg
2401,93,174,258,335,000000484.jpg,000064744.jpg
2401,93,174,258,335,000000484.jpg,000064745.jpg
2401,93,174,258,335,000000484.jpg,000064746.jpg
2401,93,174,258,335,000000484.jpg,000064747.jpg
3425,705,1003,2284,962,000006194.jpg,000080415.jpg
3425,582,1108,2069,1160,000006194.jpg,000080415.jpg
3425,705,1003,2284,962,000006194.jpg,000080416.jpg
3425,582,1108,2069,1160,000006194.jpg,000080416.jpg
3425,705,1003,2284,962,000006194.jpg,000080417.jpg
3425,582,1108,2069,1160,000006194.jpg,000080417.jpg
4964,128,138,242,341,000013612.jpg,000086641.jpg
4964,128,142,235,354,000013612.jpg,000086641.jpg
4964,128,138,242,341,000013612.jpg,000086642.jpg
4964,128,142,235,354,000013612.jpg,000086642.jpg
4964,128,138,242,341,000013612.jpg,000086643.jpg
4964,128,142,235,354,000013612.jpg,000086643.jpg
4964,128,138,242,341,000013612.jpg,000086644.jpg
4964,128,142,235,354,000013612.jpg,000086644.jpg
358,202,319,417,450,000015109.jpg,000088199.jpg
358,250,205,462,392,000015109.jpg,000088199.jpg
358,202,319,417,450,000015109.jpg,000088200.jpg
358,250,205,462,392,000015109.jpg,000088200.jpg
358,202,319,417,450,000015109.jpg,000088201.jpg
358,250,205,462,392,000015109.jpg,000088201.jpg
358,202,319,417,450,000015109.jpg,000088202.jpg
358,250,205,462,392,000015109.jpg,000088202.jpg
879,372,128,364,408,000012810.jpg,000086363.jpg
879,355,171,191,552,000012810.jpg,000086363.jpg
879,372,128,364,408,000012810.jpg,000086364.jpg
879,355,171,191,552,000012810.jpg,000086364.jpg
879,372,128,364,408,000012810.jpg,000086365.jpg
879,355,171,191,552,000012810.jpg,000086365.jpg
4467,1183,816,2179,665,000011287.jpg,000085317.jpg
4467,1183,816,2179,665,000011287.jpg,000085318.jpg
4467,1183,816,2179,665,000011287.jpg,000085319.jpg
4467,1183,816,2179,665,000011287.jpg,000085320.jpg
3959,94,1446,2270,305,000098767.jpg,000018953.jpg
3959,94,1446,2270,305,000098767.jpg,000018954.jpg
3959,94,1446,2270,305,000098767.jpg,000018955.jpg
3959,94,1446,2270,305,000098767.jpg,000018956.jpg
2938,827,904,786,1440,000000669.jpg,000064911.jpg
2938,868,793,775,1405,000000669.jpg,000064911.jpg
2938,827,904,786,1440,000000669.jpg,000064912.jpg
2938,868,793,775,1405,000000669.jpg,000064912.jpg
2938,827,904,786,1440,000000669.jpg,000064913.jpg
2938,868,793,775,1405,000000669.jpg,000064913.jpg
2938,827,904,786,1440,000000669.jpg,000064914.jpg
2938,868,793,775,1405,000000669.jpg,000064914.jpg
2938,162,161,130,270,000002593.jpg,000064911.jpg
2938,180,150,133,262,000002593.jpg,000064911.jpg
2938,162,161,130,270,000002593.jpg,000064912.jpg
2938,180,150,133,262,000002593.jpg,000064912.jpg
2938,162,161,130,270,000002593.jpg,000064913.jpg
2938,180,150,133,262,000002593.jpg,000064913.jpg
2938,162,161,130,270,000002593.jpg,000064914.jpg
2938,180,150,133,262,000002593.jpg,000064914.jpg
2938,484,277,778,475,000018527.jpg,000064911.jpg
2938,453,348,761,509,000018527.jpg,000064911.jpg
2938,484,277,778,475,000018527.jpg,000064912.jpg
2938,453,348,761,509,000018527.jpg,000064912.jpg
2938,484,277,778,475,000018527.jpg,000064913.jpg
2938,453,348,761,509,000018527.jpg,000064913.jpg
2938,484,277,778,475,000018527.jpg,000064914.jpg
2938,453,348,761,509,000018527.jpg,000064914.jpg
1407,1140,540,1305,1595,000005222.jpg,000075820.jpg
1407,660,460,1335,1600,000005222.jpg,000075820.jpg
1407,590,1095,1275,1595,000005222.jpg,000075820.jpg
1407,1140,540,1305,1595,000005222.jpg,000075821.jpg
1407,660,460,1335,1600,000005222.jpg,000075821.jpg
1407,590,1095,1275,1595,000005222.jpg,000075821.jpg
1407,1140,540,1305,1595,000005222.jpg,000075822.jpg
1407,660,460,1335,1600,000005222.jpg,000075822.jpg
1407,590,1095,1275,1595,000005222.jpg,000075822.jpg
1407,1140,540,1305,1595,000005222.jpg,000075823.jpg
1407,660,460,1335,1600,000005222.jpg,000075823.jpg
1407,590,1095,1275,1595,000005222.jpg,000075823.jpg
1407,1140,540,1305,1595,000005222.jpg,000075824.jpg
1407,660,460,1335,1600,000005222.jpg,000075824.jpg
1407,590,1095,1275,1595,000005222.jpg,000075824.jpg
1922,107,147,289,270,000098744.jpg,000019109.jpg
1922,99,206,283,278,000098744.jpg,000019109.jpg
1922,180,79,274,262,000098744.jpg,000019109.jpg
1922,109,145,285,271,000098744.jpg,000019109.jpg
1922,115,104,289,267,000098744.jpg,000019109.jpg
1922,107,147,289,270,000098744.jpg,000019110.jpg
1922,99,206,283,278,000098744.jpg,000019110.jpg
1922,180,79,274,262,000098744.jpg,000019110.jpg
1922,109,145,285,271,000098744.jpg,000019110.jpg
1922,115,104,289,267,000098744.jpg,000019110.jpg
1922,107,147,289,270,000098744.jpg,000019111.jpg
1922,99,206,283,278,000098744.jpg,000019111.jpg
1922,180,79,274,262,000098744.jpg,000019111.jpg
1922,109,145,285,271,000098744.jpg,000019111.jpg
1922,115,104,289,267,000098744.jpg,000019111.jpg
1922,107,147,289,270,000098744.jpg,000019112.jpg
1922,99,206,283,278,000098744.jpg,000019112.jpg
1922,180,79,274,262,000098744.jpg,000019112.jpg
1922,109,145,285,271,000098744.jpg,000019112.jpg
1922,115,104,289,267,000098744.jpg,000019112.jpg
900,785,794,1251,1146,000014165.jpg,000041168.jpg
900,849,671,1222,1206,000014165.jpg,000041168.jpg
900,785,794,1251,1146,000014165.jpg,000041169.jpg
900,849,671,1222,1206,000014165.jpg,000041169.jpg
900,785,794,1251,1146,000014165.jpg,000041170.jpg
900,849,671,1222,1206,000014165.jpg,000041170.jpg
900,785,794,1251,1146,000014165.jpg,000041172.jpg
900,849,671,1222,1206,000014165.jpg,000041172.jpg
2441,82,354,335,271,000013757.jpg,000064248.jpg
2441,96,315,356,239,000013757.jpg,000064248.jpg
2441,82,354,335,271,000013757.jpg,000064249.jpg
2441,96,315,356,239,000013757.jpg,000064249.jpg
2441,82,354,335,271,000013757.jpg,000064250.jpg
2441,96,315,356,239,000013757.jpg,000064250.jpg
2441,82,354,335,271,000013757.jpg,000064251.jpg
2441,96,315,356,239,000013757.jpg,000064251.jpg
2441,1193,378,783,1024,000018262.jpg,000064248.jpg
2441,1087,591,751,1001,000018262.jpg,000064248.jpg
2441,271,397,935,945,000018262.jpg,000064248.jpg
2441,198,489,875,982,000018262.jpg,000064248.jpg
2441,1193,378,783,1024,000018262.jpg,000064249.jpg
2441,1087,591,751,1001,000018262.jpg,000064249.jpg
2441,271,397,935,945,000018262.jpg,000064249.jpg
2441,198,489,875,982,000018262.jpg,000064249.jpg
2441,1193,378,783,1024,000018262.jpg,000064250.jpg
2441,1087,591,751,1001,000018262.jpg,000064250.jpg
2441,271,397,935,945,000018262.jpg,000064250.jpg
2441,198,489,875,982,000018262.jpg,000064250.jpg
2441,1193,378,783,1024,000018262.jpg,000064251.jpg
2441,1087,591,751,1001,000018262.jpg,000064251.jpg
2441,271,397,935,945,000018262.jpg,000064251.jpg
2441,198,489,875,982,000018262.jpg,000064251.jpg
5008,202,229,667,383,000018010.jpg,000089038.jpg
5008,234,211,675,426,000018010.jpg,000089038.jpg
5008,202,229,667,383,000018010.jpg,000089039.jpg
5008,234,211,675,426,000018010.jpg,000089039.jpg
5008,202,229,667,383,000018010.jpg,000089040.jpg
5008,234,211,675,426,000018010.jpg,000089040.jpg
5008,202,229,667,383,000018010.jpg,000089041.jpg
5008,234,211,675,426,000018010.jpg,000089041.jpg
5016,1176,727,1848,1150,000005966.jpg,000079986.jpg
5016,1147,831,1703,1259,000005966.jpg,000079986.jpg
5016,1176,727,1848,1150,000005966.jpg,000079987.jpg
5016,1147,831,1703,1259,000005966.jpg,000079987.jpg
5016,1176,727,1848,1150,000005966.jpg,000079988.jpg
5016,1147,831,1703,1259,000005966.jpg,000079988.jpg
5016,1176,727,1848,1150,000005966.jpg,000079989.jpg
5016,1147,831,1703,1259,000005966.jpg,000079989.jpg
5530,1733,350,1251,747,000015862.jpg,000024935.jpg
5530,1733,350,1251,747,000015862.jpg,000024936.jpg
5530,1733,350,1251,747,000015862.jpg,000024937.jpg
5530,1733,350,1251,747,000015862.jpg,000024938.jpg
5530,898,321,1070,640,000012433.jpg,000024935.jpg
5530,898,321,1070,640,000012433.jpg,000024936.jpg
5530,898,321,1070,640,000012433.jpg,000024937.jpg
5530,898,321,1070,640,000012433.jpg,000024938.jpg
5530,363,534,1120,765,000005987.jpg,000024935.jpg
5530,363,534,1120,765,000005987.jpg,000024936.jpg
5530,363,534,1120,765,000005987.jpg,000024937.jpg
5530,363,534,1120,765,000005987.jpg,000024938.jpg
5530,1025,648,2235,1503,000004964.jpg,000024935.jpg
5530,1025,648,2235,1503,000004964.jpg,000024936.jpg
5530,1025,648,2235,1503,000004964.jpg,000024937.jpg
5530,1025,648,2235,1503,000004964.jpg,000024938.jpg
4507,1025,952,2628,1717,000330003.jpg,000018957.jpg
4507,1025,952,2628,1717,000330003.jpg,000018958.jpg
4507,1025,952,2628,1717,000330003.jpg,000018959.jpg
4507,1025,952,2628,1717,000330003.jpg,000018960.jpg
3484,1168,935,1249,3030,000001785.jpg,000059067.jpg
3484,1119,895,2006,2265,000001785.jpg,000059067.jpg
3484,1168,935,1249,3030,000001785.jpg,000059069.jpg
3484,1119,895,2006,2265,000001785.jpg,000059069.jpg
3484,1168,935,1249,3030,000001785.jpg,000059070.jpg
3484,1119,895,2006,2265,000001785.jpg,000059070.jpg
3484,1168,935,1249,3030,000001785.jpg,000059071.jpg
3484,1119,895,2006,2265,000001785.jpg,000059071.jpg
4000,665,825,1405,1390,000008401.jpg,000070847.jpg
4000,710,635,1355,1190,000008401.jpg,000070847.jpg
4000,665,825,1405,1390,000008401.jpg,000070848.jpg
4000,710,635,1355,1190,000008401.jpg,000070848.jpg
4000,665,825,1405,1390,000008401.jpg,000070849.jpg
4000,710,635,1355,1190,000008401.jpg,000070849.jpg
4000,665,825,1405,1390,000008401.jpg,000070850.jpg
4000,710,635,1355,1190,000008401.jpg,000070850.jpg
4000,665,825,1405,1390,000008401.jpg,000070851.jpg
4000,710,635,1355,1190,000008401.jpg,000070851.jpg
4000,665,825,1405,1390,000008401.jpg,000097569.jpg
4000,710,635,1355,1190,000008401.jpg,000097569.jpg
4000,1226,847,2833,1711,000002629.jpg,000070847.jpg
4000,1149,1055,2747,1772,000002629.jpg,000070847.jpg
4000,1226,847,2833,1711,000002629.jpg,000070848.jpg
4000,1149,1055,2747,1772,000002629.jpg,000070848.jpg
4000,1226,847,2833,1711,000002629.jpg,000070849.jpg
4000,1149,1055,2747,1772,000002629.jpg,000070849.jpg
4000,1226,847,2833,1711,000002629.jpg,000070850.jpg
4000,1149,1055,2747,1772,000002629.jpg,000070850.jpg
4000,1226,847,2833,1711,000002629.jpg,000070851.jpg
4000,1149,1055,2747,1772,000002629.jpg,000070851.jpg
4000,1226,847,2833,1711,000002629.jpg,000097569.jpg
4000,1149,1055,2747,1772,000002629.jpg,000097569.jpg
2977,283,105,475,379,000016263.jpg,000086898.jpg
2977,254,236,457,390,000016263.jpg,000086898.jpg
2977,389,94,479,379,000016263.jpg,000086898.jpg
2977,283,105,475,379,000016263.jpg,000086899.jpg
2977,254,236,457,390,000016263.jpg,000086899.jpg
2977,389,94,479,379,000016263.jpg,000086899.jpg
2977,283,105,475,379,000016263.jpg,000086901.jpg
2977,254,236,457,390,000016263.jpg,000086901.jpg
2977,389,94,479,379,000016263.jpg,000086901.jpg
2977,283,105,475,379,000016263.jpg,000086903.jpg
2977,254,236,457,390,000016263.jpg,000086903.jpg
2977,389,94,479,379,000016263.jpg,000086903.jpg
4514,191,348,565,598,000008121.jpg,000081016.jpg
4514,184,342,545,609,000008121.jpg,000081016.jpg
4514,191,348,565,598,000008121.jpg,000081017.jpg
4514,184,342,545,609,000008121.jpg,000081017.jpg
4514,191,348,565,598,000008121.jpg,000081018.jpg
4514,184,342,545,609,000008121.jpg,000081018.jpg
4514,191,348,565,598,000008121.jpg,000081019.jpg
4514,184,342,545,609,000008121.jpg,000081019.jpg
4003,351,137,244,330,000000273.jpg,000052022.jpg
4003,359,132,278,261,000000273.jpg,000052022.jpg
4003,34,156,291,270,000000273.jpg,000052022.jpg
4003,34,158,301,248,000000273.jpg,000052022.jpg
4003,351,137,244,330,000000273.jpg,000052023.jpg
4003,359,132,278,261,000000273.jpg,000052023.jpg
4003,34,156,291,270,000000273.jpg,000052023.jpg
4003,34,158,301,248,000000273.jpg,000052023.jpg
4003,351,137,244,330,000000273.jpg,000052024.jpg
4003,359,132,278,261,000000273.jpg,000052024.jpg
4003,34,156,291,270,000000273.jpg,000052024.jpg
4003,34,158,301,248,000000273.jpg,000052024.jpg
4003,351,137,244,330,000000273.jpg,000052025.jpg
4003,359,132,278,261,000000273.jpg,000052025.jpg
4003,34,156,291,270,000000273.jpg,000052025.jpg
4003,34,158,301,248,000000273.jpg,000052025.jpg
4003,581,434,866,670,000015965.jpg,000052022.jpg
4003,597,478,921,615,000015965.jpg,000052022.jpg
4003,581,434,866,670,000015965.jpg,000052023.jpg
4003,597,478,921,615,000015965.jpg,000052023.jpg
4003,581,434,866,670,000015965.jpg,000052024.jpg
4003,597,478,921,615,000015965.jpg,000052024.jpg
4003,581,434,866,670,000015965.jpg,000052025.jpg
4003,597,478,921,615,000015965.jpg,000052025.jpg
4003,425,1364,1521,1458,000018156.jpg,000052022.jpg
4003,687,863,1439,1533,000018156.jpg,000052022.jpg
4003,425,1364,1521,1458,000018156.jpg,000052023.jpg
4003,687,863,1439,1533,000018156.jpg,000052023.jpg
4003,425,1364,1521,1458,000018156.jpg,000052024.jpg
4003,687,863,1439,1533,000018156.jpg,000052024.jpg
4003,425,1364,1521,1458,000018156.jpg,000052025.jpg
4003,687,863,1439,1533,000018156.jpg,000052025.jpg
3494,734,735,1527,921,000005625.jpg,000077608.jpg
3494,664,840,1503,945,000005625.jpg,000077608.jpg
3494,734,735,1527,921,000005625.jpg,000077609.jpg
3494,664,840,1503,945,000005625.jpg,000077609.jpg
3494,734,735,1527,921,000005625.jpg,000077610.jpg
3494,664,840,1503,945,000005625.jpg,000077610.jpg
5543,433,158,537,279,000098655.jpg,000032970.jpg
5543,392,210,518,293,000098655.jpg,000032970.jpg
5543,433,158,537,279,000098655.jpg,000032971.jpg
5543,392,210,518,293,000098655.jpg,000032971.jpg
5543,433,158,537,279,000098655.jpg,000032972.jpg
5543,392,210,518,293,000098655.jpg,000032972.jpg
5543,433,158,537,279,000098655.jpg,000032973.jpg
5543,392,210,518,293,000098655.jpg,000032973.jpg
5543,113,217,234,376,000013547.jpg,000032970.jpg
5543,116,211,233,372,000013547.jpg,000032970.jpg
5543,113,217,234,376,000013547.jpg,000032971.jpg
5543,116,211,233,372,000013547.jpg,000032971.jpg
5543,113,217,234,376,000013547.jpg,000032972.jpg
5543,116,211,233,372,000013547.jpg,000032972.jpg
5543,113,217,234,376,000013547.jpg,000032973.jpg
5543,116,211,233,372,000013547.jpg,000032973.jpg
5543,932,881,693,2460,000011282.jpg,000032970.jpg
5543,1014,863,1264,1825,000011282.jpg,000032970.jpg
5543,932,881,693,2460,000011282.jpg,000032971.jpg
5543,1014,863,1264,1825,000011282.jpg,000032971.jpg
5543,932,881,693,2460,000011282.jpg,000032972.jpg
5543,1014,863,1264,1825,000011282.jpg,000032972.jpg
5543,932,881,693,2460,000011282.jpg,000032973.jpg
5543,1014,863,1264,1825,000011282.jpg,000032973.jpg
938,10,722,1442,1683,000013322.jpg,000051483.jpg
938,10,722,1442,1683,000013322.jpg,000051484.jpg
938,10,722,1442,1683,000013322.jpg,000051485.jpg
938,10,722,1442,1683,000013322.jpg,000051486.jpg
4524,163,266,278,518,000006802.jpg,000032915.jpg
4524,155,248,361,410,000006802.jpg,000032915.jpg
4524,163,266,278,518,000006802.jpg,000032916.jpg
4524,155,248,361,410,000006802.jpg,000032916.jpg
4524,163,266,278,518,000006802.jpg,000032917.jpg
4524,155,248,361,410,000006802.jpg,000032917.jpg
4524,163,266,278,518,000006802.jpg,000032918.jpg
4524,155,248,361,410,000006802.jpg,000032918.jpg
1969,723,638,1371,1156,000018670.jpg,000054200.jpg
1969,803,508,1351,1171,000018670.jpg,000054200.jpg
1969,723,638,1371,1156,000018670.jpg,000054201.jpg
1969,803,508,1351,1171,000018670.jpg,000054201.jpg
1969,723,638,1371,1156,000018670.jpg,000054202.jpg
1969,803,508,1351,1171,000018670.jpg,000054202.jpg
1969,723,638,1371,1156,000018670.jpg,000054203.jpg
1969,803,508,1351,1171,000018670.jpg,000054203.jpg
1969,270,870,1405,1050,000014513.jpg,000054200.jpg
1969,370,790,1425,1060,000014513.jpg,000054200.jpg
1969,270,870,1405,1050,000014513.jpg,000054201.jpg
1969,370,790,1425,1060,000014513.jpg,000054201.jpg
1969,270,870,1405,1050,000014513.jpg,000054202.jpg
1969,370,790,1425,1060,000014513.jpg,000054202.jpg
1969,270,870,1405,1050,000014513.jpg,000054203.jpg
1969,370,790,1425,1060,000014513.jpg,000054203.jpg
3506,72,232,319,293,000010031.jpg,000038315.jpg
3506,77,215,322,297,000010031.jpg,000038315.jpg
3506,72,232,319,293,000010031.jpg,000038316.jpg
3506,77,215,322,297,000010031.jpg,000038316.jpg
3506,72,232,319,293,000010031.jpg,000038317.jpg
3506,77,215,322,297,000010031.jpg,000038317.jpg
3506,72,232,319,293,000010031.jpg,000038318.jpg
3506,77,215,322,297,000010031.jpg,000038318.jpg
5046,130,355,483,500,000000047.jpg,000062266.jpg
5046,569,289,466,460,000000047.jpg,000062266.jpg
5046,152,222,466,472,000000047.jpg,000062266.jpg
5046,130,355,483,500,000000047.jpg,000062267.jpg
5046,569,289,466,460,000000047.jpg,000062267.jpg
5046,152,222,466,472,000000047.jpg,000062267.jpg
5046,130,355,483,500,000000047.jpg,000062268.jpg
5046,569,289,466,460,000000047.jpg,000062268.jpg
5046,152,222,466,472,000000047.jpg,000062268.jpg
5046,130,355,483,500,000000047.jpg,000062269.jpg
5046,569,289,466,460,000000047.jpg,000062269.jpg
5046,152,222,466,472,000000047.jpg,000062269.jpg
3514,414,219,783,445,000012063.jpg,000089693.jpg
3514,438,180,795,392,000012063.jpg,000089693.jpg
3514,414,219,783,445,000012063.jpg,000089694.jpg
3514,438,180,795,392,000012063.jpg,000089694.jpg
3514,414,219,783,445,000012063.jpg,000089695.jpg
3514,438,180,795,392,000012063.jpg,000089695.jpg
3514,414,219,783,445,000012063.jpg,000089696.jpg
3514,438,180,795,392,000012063.jpg,000089696.jpg
3514,414,219,783,445,000012063.jpg,000098069.jpg
3514,438,180,795,392,000012063.jpg,000098069.jpg
4027,315,335,710,483,000012401.jpg,000089333.jpg
4027,254,396,621,594,000012401.jpg,000089333.jpg
4027,315,335,710,483,000012401.jpg,000089334.jpg
4027,254,396,621,594,000012401.jpg,000089334.jpg
4027,315,335,710,483,000012401.jpg,000089335.jpg
4027,254,396,621,594,000012401.jpg,000089335.jpg
4027,315,335,710,483,000012401.jpg,000089336.jpg
4027,254,396,621,594,000012401.jpg,000089336.jpg
4027,315,335,710,483,000012401.jpg,000089337.jpg
4027,254,396,621,594,000012401.jpg,000089337.jpg
3010,171,142,348,154,000000522.jpg,000053488.jpg
3010,184,136,364,139,000000522.jpg,000053488.jpg
3010,171,142,348,154,000000522.jpg,000053489.jpg
3010,184,136,364,139,000000522.jpg,000053489.jpg
3010,171,142,348,154,000000522.jpg,000053490.jpg
3010,184,136,364,139,000000522.jpg,000053490.jpg
3010,171,142,348,154,000000522.jpg,000053491.jpg
3010,184,136,364,139,000000522.jpg,000053491.jpg
4036,149,282,295,335,000009356.jpg,000074399.jpg
4036,106,324,309,321,000009356.jpg,000074399.jpg
4036,149,282,295,335,000009356.jpg,000074400.jpg
4036,106,324,309,321,000009356.jpg,000074400.jpg
4036,149,282,295,335,000009356.jpg,000074401.jpg
4036,106,324,309,321,000009356.jpg,000074401.jpg
4036,149,282,295,335,000009356.jpg,000074402.jpg
4036,106,324,309,321,000009356.jpg,000074402.jpg
4036,4,228,697,235,000003732.jpg,000074399.jpg
4036,0,210,730,202,000003732.jpg,000074399.jpg
4036,4,228,697,235,000003732.jpg,000074400.jpg
4036,0,210,730,202,000003732.jpg,000074400.jpg
4036,4,228,697,235,000003732.jpg,000074401.jpg
4036,0,210,730,202,000003732.jpg,000074401.jpg
4036,4,228,697,235,000003732.jpg,000074402.jpg
4036,0,210,730,202,000003732.jpg,000074402.jpg
3020,701,426,1316,1037,000002734.jpg,000072078.jpg
3020,674,497,1316,1072,000002734.jpg,000072078.jpg
3020,701,426,1316,1037,000002734.jpg,000072079.jpg
3020,674,497,1316,1072,000002734.jpg,000072079.jpg
3020,701,426,1316,1037,000002734.jpg,000072080.jpg
3020,674,497,1316,1072,000002734.jpg,000072080.jpg
3020,701,426,1316,1037,000002734.jpg,000072081.jpg
3020,674,497,1316,1072,000002734.jpg,000072081.jpg
1996,1358,1104,2134,2563,000329792.jpg,000040519.jpg
1996,1477,840,2188,2344,000329792.jpg,000040519.jpg
1996,1358,1104,2134,2563,000329792.jpg,000040520.jpg
1996,1477,840,2188,2344,000329792.jpg,000040520.jpg
1996,1358,1104,2134,2563,000329792.jpg,000040521.jpg
1996,1477,840,2188,2344,000329792.jpg,000040521.jpg
1996,1358,1104,2134,2563,000329792.jpg,000040522.jpg
1996,1477,840,2188,2344,000329792.jpg,000040522.jpg
1489,183,181,371,326,000006934.jpg,000019082.jpg
1489,183,181,371,326,000006934.jpg,000019083.jpg
1489,183,181,371,326,000006934.jpg,000019084.jpg
1489,183,181,371,326,000006934.jpg,000019085.jpg
1489,183,181,371,326,000006934.jpg,000019086.jpg
2019,419,316,417,737,000015530.jpg,000058586.jpg
2019,413,296,467,676,000015530.jpg,000058586.jpg
2019,419,316,417,737,000015530.jpg,000058587.jpg
2019,413,296,467,676,000015530.jpg,000058587.jpg
2019,419,316,417,737,000015530.jpg,000058588.jpg
2019,413,296,467,676,000015530.jpg,000058588.jpg
2019,419,316,417,737,000015530.jpg,000058589.jpg
2019,413,296,467,676,000015530.jpg,000058589.jpg
2019,419,316,417,737,000015530.jpg,000058590.jpg
2019,413,296,467,676,000015530.jpg,000058590.jpg
3556,894,773,864,1404,000015970.jpg,000025181.jpg
3556,1041,528,980,1269,000015970.jpg,000025181.jpg
3556,894,773,864,1404,000015970.jpg,000025182.jpg
3556,1041,528,980,1269,000015970.jpg,000025182.jpg
3556,894,773,864,1404,000015970.jpg,000025183.jpg
3556,1041,528,980,1269,000015970.jpg,000025183.jpg
3556,894,773,864,1404,000015970.jpg,000025184.jpg
3556,1041,528,980,1269,000015970.jpg,000025184.jpg
3556,141,189,211,357,000003879.jpg,000025181.jpg
3556,189,139,228,321,000003879.jpg,000025181.jpg
3556,141,189,211,357,000003879.jpg,000025182.jpg
3556,189,139,228,321,000003879.jpg,000025182.jpg
3556,141,189,211,357,000003879.jpg,000025183.jpg
3556,189,139,228,321,000003879.jpg,000025183.jpg
3556,141,189,211,357,000003879.jpg,000025184.jpg
3556,189,139,228,321,000003879.jpg,000025184.jpg
4070,779,1115,2459,1783,000006028.jpg,000063663.jpg
4070,740,1263,2490,1775,000006028.jpg,000063663.jpg
4070,779,1115,2459,1783,000006028.jpg,000063666.jpg
4070,740,1263,2490,1775,000006028.jpg,000063666.jpg
4070,779,1115,2459,1783,000006028.jpg,000063667.jpg
4070,740,1263,2490,1775,000006028.jpg,000063667.jpg
4070,779,1115,2459,1783,000006028.jpg,000063668.jpg
4070,740,1263,2490,1775,000006028.jpg,000063668.jpg
4070,779,1115,2459,1783,000006028.jpg,000063669.jpg
4070,740,1263,2490,1775,000006028.jpg,000063669.jpg
492,751,974,1905,1318,000018507.jpg,000060293.jpg
492,833,776,2045,1219,000018507.jpg,000060293.jpg
492,751,974,1905,1318,000018507.jpg,000060294.jpg
492,833,776,2045,1219,000018507.jpg,000060294.jpg
492,751,974,1905,1318,000018507.jpg,000060295.jpg
492,833,776,2045,1219,000018507.jpg,000060295.jpg
492,751,974,1905,1318,000018507.jpg,000060296.jpg
492,833,776,2045,1219,000018507.jpg,000060296.jpg
495,243,181,392,183,000012940.jpg,000081661.jpg
495,258,157,404,144,000012940.jpg,000081661.jpg
495,243,181,392,183,000012940.jpg,000081662.jpg
495,258,157,404,144,000012940.jpg,000081662.jpg
495,243,181,392,183,000012940.jpg,000081663.jpg
495,258,157,404,144,000012940.jpg,000081663.jpg
495,243,181,392,183,000012940.jpg,000081664.jpg
495,258,157,404,144,000012940.jpg,000081664.jpg
495,72,148,203,238,000007861.jpg,000081661.jpg
495,373,181,270,208,000007861.jpg,000081661.jpg
495,379,155,290,190,000007861.jpg,000081661.jpg
495,78,117,207,232,000007861.jpg,000081661.jpg
495,72,148,203,238,000007861.jpg,000081662.jpg
495,373,181,270,208,000007861.jpg,000081662.jpg
495,379,155,290,190,000007861.jpg,000081662.jpg
495,78,117,207,232,000007861.jpg,000081662.jpg
495,72,148,203,238,000007861.jpg,000081663.jpg
495,373,181,270,208,000007861.jpg,000081663.jpg
495,379,155,290,190,000007861.jpg,000081663.jpg
495,78,117,207,232,000007861.jpg,000081663.jpg
495,72,148,203,238,000007861.jpg,000081664.jpg
495,373,181,270,208,000007861.jpg,000081664.jpg
495,379,155,290,190,000007861.jpg,000081664.jpg
495,78,117,207,232,000007861.jpg,000081664.jpg
495,193,103,354,232,000015562.jpg,000081661.jpg
495,200,90,339,246,000015562.jpg,000081661.jpg
495,193,103,354,232,000015562.jpg,000081662.jpg
495,200,90,339,246,000015562.jpg,000081662.jpg
495,193,103,354,232,000015562.jpg,000081663.jpg
495,200,90,339,246,000015562.jpg,000081663.jpg
495,193,103,354,232,000015562.jpg,000081664.jpg
495,200,90,339,246,000015562.jpg,000081664.jpg
1014,522,199,1464,258,000005970.jpg,000078671.jpg
1014,499,234,1455,252,000005970.jpg,000078671.jpg
1014,432,322,625,296,000005970.jpg,000078671.jpg
1014,420,324,625,290,000005970.jpg,000078671.jpg
1014,180,184,1511,85,000005970.jpg,000078671.jpg
1014,522,199,1464,258,000005970.jpg,000078672.jpg
1014,499,234,1455,252,000005970.jpg,000078672.jpg
1014,432,322,625,296,000005970.jpg,000078672.jpg
1014,420,324,625,290,000005970.jpg,000078672.jpg
1014,180,184,1511,85,000005970.jpg,000078672.jpg
1014,522,199,1464,258,000005970.jpg,000078673.jpg
1014,499,234,1455,252,000005970.jpg,000078673.jpg
1014,432,322,625,296,000005970.jpg,000078673.jpg
1014,420,324,625,290,000005970.jpg,000078673.jpg
1014,180,184,1511,85,000005970.jpg,000078673.jpg
1014,522,199,1464,258,000005970.jpg,000078674.jpg
1014,499,234,1455,252,000005970.jpg,000078674.jpg
1014,432,322,625,296,000005970.jpg,000078674.jpg
1014,420,324,625,290,000005970.jpg,000078674.jpg
1014,180,184,1511,85,000005970.jpg,000078674.jpg
1014,1192,632,1739,1297,000006580.jpg,000078671.jpg
1014,1094,717,1739,1251,000006580.jpg,000078671.jpg
1014,1192,632,1739,1297,000006580.jpg,000078672.jpg
1014,1094,717,1739,1251,000006580.jpg,000078672.jpg
1014,1192,632,1739,1297,000006580.jpg,000078673.jpg
1014,1094,717,1739,1251,000006580.jpg,000078673.jpg
1014,1192,632,1739,1297,000006580.jpg,000078674.jpg
1014,1094,717,1739,1251,000006580.jpg,000078674.jpg
1014,359,119,308,44,000012789.jpg,000078671.jpg
1014,93,123,370,129,000012789.jpg,000078671.jpg
1014,80,136,352,149,000012789.jpg,000078671.jpg
1014,359,119,308,44,000012789.jpg,000078672.jpg
1014,93,123,370,129,000012789.jpg,000078672.jpg
1014,80,136,352,149,000012789.jpg,000078672.jpg
1014,359,119,308,44,000012789.jpg,000078673.jpg
1014,93,123,370,129,000012789.jpg,000078673.jpg
1014,80,136,352,149,000012789.jpg,000078673.jpg
1014,359,119,308,44,000012789.jpg,000078674.jpg
1014,93,123,370,129,000012789.jpg,000078674.jpg
1014,80,136,352,149,000012789.jpg,000078674.jpg
5629,225,100,259,299,000007775.jpg,000019088.jpg
5629,225,100,259,299,000007775.jpg,000019090.jpg
5629,225,100,259,299,000007775.jpg,000019092.jpg
5629,225,100,259,299,000007775.jpg,000019094.jpg
5629,536,940,1597,542,000011979.jpg,000019088.jpg
5629,536,940,1597,542,000011979.jpg,000019090.jpg
5629,536,940,1597,542,000011979.jpg,000019092.jpg
5629,536,940,1597,542,000011979.jpg,000019094.jpg
5629,136,193,278,286,000007397.jpg,000019088.jpg
5629,136,193,278,286,000007397.jpg,000019090.jpg
5629,136,193,278,286,000007397.jpg,000019092.jpg
5629,136,193,278,286,000007397.jpg,000019094.jpg
