id,left,width,top,height,cons_path,shop_path
898,246,65,292,63,000014429.jpg,000021000.jpg
898,246,65,292,63,000014429.jpg,000021002.jpg
898,246,65,292,63,000014429.jpg,000021004.jpg
898,246,65,292,63,000014429.jpg,000021005.jpg
898,246,65,292,63,000014429.jpg,000021006.jpg
898,102,66,53,36,000002834.jpg,000021000.jpg
898,102,66,53,36,000002834.jpg,000021002.jpg
898,102,66,53,36,000002834.jpg,000021004.jpg
898,102,66,53,36,000002834.jpg,000021005.jpg
898,102,66,53,36,000002834.jpg,000021006.jpg
898,835,275,740,170,000009236.jpg,000021000.jpg
898,835,275,740,170,000009236.jpg,000021002.jpg
898,835,275,740,170,000009236.jpg,000021004.jpg
898,835,275,740,170,000009236.jpg,000021005.jpg
898,835,275,740,170,000009236.jpg,000021006.jpg
898,845,230,340,85,000011565.jpg,000021000.jpg
898,845,230,340,85,000011565.jpg,000021002.jpg
898,845,230,340,85,000011565.jpg,000021004.jpg
898,845,230,340,85,000011565.jpg,000021005.jpg
898,845,230,340,85,000011565.jpg,000021006.jpg
898,810,200,730,65,000010585.jpg,000021000.jpg
898,810,200,730,65,000010585.jpg,000021002.jpg
898,810,200,730,65,000010585.jpg,000021004.jpg
898,810,200,730,65,000010585.jpg,000021005.jpg
898,810,200,730,65,000010585.jpg,000021006.jpg
898,1200,260,375,100,000010786.jpg,000021000.jpg
898,1200,260,375,100,000010786.jpg,000021002.jpg
898,1200,260,375,100,000010786.jpg,000021004.jpg
898,1200,260,375,100,000010786.jpg,000021005.jpg
898,1200,260,375,100,000010786.jpg,000021006.jpg
655,330,104,162,48,000009483.jpg,000083736.jpg
655,330,104,162,48,000009483.jpg,000083737.jpg
655,330,104,162,48,000009483.jpg,000083738.jpg
1173,260,103,126,44,000000879.jpg,000055253.jpg
1173,260,103,126,44,000000879.jpg,000055254.jpg
1173,260,103,126,44,000000879.jpg,000055255.jpg
1173,260,103,126,44,000000879.jpg,000055256.jpg
1173,260,103,126,44,000000879.jpg,000055257.jpg
1173,92,98,114,52,000008624.jpg,000055253.jpg
1173,92,98,114,52,000008624.jpg,000055254.jpg
1173,92,98,114,52,000008624.jpg,000055255.jpg
1173,92,98,114,52,000008624.jpg,000055256.jpg
1173,92,98,114,52,000008624.jpg,000055257.jpg
153,865,275,420,155,000007181.jpg,000034633.jpg
153,865,275,420,155,000007181.jpg,000034634.jpg
153,865,275,420,155,000007181.jpg,000034635.jpg
153,865,275,420,155,000007181.jpg,000034636.jpg
153,166,73,158,33,000012115.jpg,000034633.jpg
153,166,73,158,33,000012115.jpg,000034634.jpg
153,166,73,158,33,000012115.jpg,000034635.jpg
153,166,73,158,33,000012115.jpg,000034636.jpg
538,1037,239,192,158,000001740.jpg,000067842.jpg
538,1037,239,192,158,000001740.jpg,000067843.jpg
538,1037,239,192,158,000001740.jpg,000067844.jpg
283,800,310,380,175,000012939.jpg,000087260.jpg
283,800,310,380,175,000012939.jpg,000087261.jpg
283,800,310,380,175,000012939.jpg,000087262.jpg
283,800,310,380,175,000012939.jpg,000087263.jpg
1181,1940,689,575,350,000001470.jpg,000057655.jpg
1181,1940,689,575,350,000001470.jpg,000057656.jpg
1181,1940,689,575,350,000001470.jpg,000057657.jpg
802,1174,542,669,193,000011093.jpg,000061727.jpg
802,1174,542,669,193,000011093.jpg,000061728.jpg
802,1174,542,669,193,000011093.jpg,000061729.jpg
802,1174,542,669,193,000011093.jpg,000061730.jpg
802,1174,542,669,193,000011093.jpg,000061731.jpg
802,1174,542,669,193,000011093.jpg,000061732.jpg
802,1174,542,669,193,000011093.jpg,000061733.jpg
802,1174,542,669,193,000011093.jpg,000097339.jpg
802,215,48,27,46,000014426.jpg,000061727.jpg
802,215,48,27,46,000014426.jpg,000061728.jpg
802,215,48,27,46,000014426.jpg,000061729.jpg
802,215,48,27,46,000014426.jpg,000061730.jpg
802,215,48,27,46,000014426.jpg,000061731.jpg
802,215,48,27,46,000014426.jpg,000061732.jpg
802,215,48,27,46,000014426.jpg,000061733.jpg
802,215,48,27,46,000014426.jpg,000097339.jpg
802,136,119,249,73,000008561.jpg,000061727.jpg
802,770,108,206,57,000008561.jpg,000061727.jpg
802,136,119,249,73,000008561.jpg,000061728.jpg
802,770,108,206,57,000008561.jpg,000061728.jpg
802,136,119,249,73,000008561.jpg,000061729.jpg
802,770,108,206,57,000008561.jpg,000061729.jpg
802,136,119,249,73,000008561.jpg,000061730.jpg
802,770,108,206,57,000008561.jpg,000061730.jpg
802,136,119,249,73,000008561.jpg,000061731.jpg
802,770,108,206,57,000008561.jpg,000061731.jpg
802,136,119,249,73,000008561.jpg,000061732.jpg
802,770,108,206,57,000008561.jpg,000061732.jpg
802,136,119,249,73,000008561.jpg,000061733.jpg
802,770,108,206,57,000008561.jpg,000061733.jpg
802,136,119,249,73,000008561.jpg,000097339.jpg
802,770,108,206,57,000008561.jpg,000097339.jpg
802,142,63,119,24,000006290.jpg,000061727.jpg
802,142,63,119,24,000006290.jpg,000061728.jpg
802,142,63,119,24,000006290.jpg,000061729.jpg
802,142,63,119,24,000006290.jpg,000061730.jpg
802,142,63,119,24,000006290.jpg,000061731.jpg
802,142,63,119,24,000006290.jpg,000061732.jpg
802,142,63,119,24,000006290.jpg,000061733.jpg
802,142,63,119,24,000006290.jpg,000097339.jpg
802,590,575,310,90,000014085.jpg,000061727.jpg
802,590,575,310,90,000014085.jpg,000061728.jpg
802,590,575,310,90,000014085.jpg,000061729.jpg
802,590,575,310,90,000014085.jpg,000061730.jpg
802,590,575,310,90,000014085.jpg,000061731.jpg
802,590,575,310,90,000014085.jpg,000061732.jpg
802,590,575,310,90,000014085.jpg,000061733.jpg
802,590,575,310,90,000014085.jpg,000097339.jpg
802,242,103,210,80,000014259.jpg,000061727.jpg
802,242,103,210,80,000014259.jpg,000061728.jpg
802,242,103,210,80,000014259.jpg,000061729.jpg
802,242,103,210,80,000014259.jpg,000061730.jpg
802,242,103,210,80,000014259.jpg,000061731.jpg
802,242,103,210,80,000014259.jpg,000061732.jpg
802,242,103,210,80,000014259.jpg,000061733.jpg
802,242,103,210,80,000014259.jpg,000097339.jpg
802,468,319,1010,236,000006566.jpg,000061727.jpg
802,468,319,1010,236,000006566.jpg,000061728.jpg
802,468,319,1010,236,000006566.jpg,000061729.jpg
802,468,319,1010,236,000006566.jpg,000061730.jpg
802,468,319,1010,236,000006566.jpg,000061731.jpg
802,468,319,1010,236,000006566.jpg,000061732.jpg
802,468,319,1010,236,000006566.jpg,000061733.jpg
802,468,319,1010,236,000006566.jpg,000097339.jpg
802,905,288,263,107,000001075.jpg,000061727.jpg
802,905,288,263,107,000001075.jpg,000061728.jpg
802,905,288,263,107,000001075.jpg,000061729.jpg
802,905,288,263,107,000001075.jpg,000061730.jpg
802,905,288,263,107,000001075.jpg,000061731.jpg
802,905,288,263,107,000001075.jpg,000061732.jpg
802,905,288,263,107,000001075.jpg,000061733.jpg
802,905,288,263,107,000001075.jpg,000097339.jpg
802,132,103,29,46,000008172.jpg,000061727.jpg
802,132,103,29,46,000008172.jpg,000061728.jpg
802,132,103,29,46,000008172.jpg,000061729.jpg
802,132,103,29,46,000008172.jpg,000061730.jpg
802,132,103,29,46,000008172.jpg,000061731.jpg
802,132,103,29,46,000008172.jpg,000061732.jpg
802,132,103,29,46,000008172.jpg,000061733.jpg
802,132,103,29,46,000008172.jpg,000097339.jpg
802,215,166,142,56,000010589.jpg,000061727.jpg
802,215,166,142,56,000010589.jpg,000061728.jpg
802,215,166,142,56,000010589.jpg,000061729.jpg
802,215,166,142,56,000010589.jpg,000061730.jpg
802,215,166,142,56,000010589.jpg,000061731.jpg
802,215,166,142,56,000010589.jpg,000061732.jpg
802,215,166,142,56,000010589.jpg,000061733.jpg
802,215,166,142,56,000010589.jpg,000097339.jpg
802,785,365,270,115,000013919.jpg,000061727.jpg
802,785,365,270,115,000013919.jpg,000061728.jpg
802,785,365,270,115,000013919.jpg,000061729.jpg
802,785,365,270,115,000013919.jpg,000061730.jpg
802,785,365,270,115,000013919.jpg,000061731.jpg
802,785,365,270,115,000013919.jpg,000061732.jpg
802,785,365,270,115,000013919.jpg,000061733.jpg
802,785,365,270,115,000013919.jpg,000097339.jpg
802,950,181,348,69,000018759.jpg,000061727.jpg
802,950,181,348,69,000018759.jpg,000061728.jpg
802,950,181,348,69,000018759.jpg,000061729.jpg
802,950,181,348,69,000018759.jpg,000061730.jpg
802,950,181,348,69,000018759.jpg,000061731.jpg
802,950,181,348,69,000018759.jpg,000061732.jpg
802,950,181,348,69,000018759.jpg,000061733.jpg
802,950,181,348,69,000018759.jpg,000097339.jpg
802,282,83,175,33,000018001.jpg,000061727.jpg
802,282,83,175,33,000018001.jpg,000061728.jpg
802,282,83,175,33,000018001.jpg,000061729.jpg
802,282,83,175,33,000018001.jpg,000061730.jpg
802,282,83,175,33,000018001.jpg,000061731.jpg
802,282,83,175,33,000018001.jpg,000061732.jpg
802,282,83,175,33,000018001.jpg,000061733.jpg
802,282,83,175,33,000018001.jpg,000097339.jpg
802,230,28,131,19,000005798.jpg,000061727.jpg
802,230,28,131,19,000005798.jpg,000061728.jpg
802,230,28,131,19,000005798.jpg,000061729.jpg
802,230,28,131,19,000005798.jpg,000061730.jpg
802,230,28,131,19,000005798.jpg,000061731.jpg
802,230,28,131,19,000005798.jpg,000061732.jpg
802,230,28,131,19,000005798.jpg,000061733.jpg
802,230,28,131,19,000005798.jpg,000097339.jpg
802,322,66,130,35,000009608.jpg,000061727.jpg
802,322,66,130,35,000009608.jpg,000061728.jpg
802,322,66,130,35,000009608.jpg,000061729.jpg
802,322,66,130,35,000009608.jpg,000061730.jpg
802,322,66,130,35,000009608.jpg,000061731.jpg
802,322,66,130,35,000009608.jpg,000061732.jpg
802,322,66,130,35,000009608.jpg,000061733.jpg
802,322,66,130,35,000009608.jpg,000097339.jpg
802,270,98,71,53,000016753.jpg,000061727.jpg
802,270,98,71,53,000016753.jpg,000061728.jpg
802,270,98,71,53,000016753.jpg,000061729.jpg
802,270,98,71,53,000016753.jpg,000061730.jpg
802,270,98,71,53,000016753.jpg,000061731.jpg
802,270,98,71,53,000016753.jpg,000061732.jpg
802,270,98,71,53,000016753.jpg,000061733.jpg
802,270,98,71,53,000016753.jpg,000097339.jpg
802,299,105,135,46,000005016.jpg,000061727.jpg
802,299,105,135,46,000005016.jpg,000061728.jpg
802,299,105,135,46,000005016.jpg,000061729.jpg
802,299,105,135,46,000005016.jpg,000061730.jpg
802,299,105,135,46,000005016.jpg,000061731.jpg
802,299,105,135,46,000005016.jpg,000061732.jpg
802,299,105,135,46,000005016.jpg,000061733.jpg
802,299,105,135,46,000005016.jpg,000097339.jpg
802,297,90,94,36,000017499.jpg,000061727.jpg
802,297,90,94,36,000017499.jpg,000061728.jpg
802,297,90,94,36,000017499.jpg,000061729.jpg
802,297,90,94,36,000017499.jpg,000061730.jpg
802,297,90,94,36,000017499.jpg,000061731.jpg
802,297,90,94,36,000017499.jpg,000061732.jpg
802,297,90,94,36,000017499.jpg,000061733.jpg
802,297,90,94,36,000017499.jpg,000097339.jpg
802,775,176,359,126,000002583.jpg,000061727.jpg
802,775,176,359,126,000002583.jpg,000061728.jpg
802,775,176,359,126,000002583.jpg,000061729.jpg
802,775,176,359,126,000002583.jpg,000061730.jpg
802,775,176,359,126,000002583.jpg,000061731.jpg
802,775,176,359,126,000002583.jpg,000061732.jpg
802,775,176,359,126,000002583.jpg,000061733.jpg
802,775,176,359,126,000002583.jpg,000097339.jpg
802,132,63,77,29,000015300.jpg,000061727.jpg
802,132,63,77,29,000015300.jpg,000061728.jpg
802,132,63,77,29,000015300.jpg,000061729.jpg
802,132,63,77,29,000015300.jpg,000061730.jpg
802,132,63,77,29,000015300.jpg,000061731.jpg
802,132,63,77,29,000015300.jpg,000061732.jpg
802,132,63,77,29,000015300.jpg,000061733.jpg
802,132,63,77,29,000015300.jpg,000097339.jpg
802,264,75,75,30,000016367.jpg,000061727.jpg
802,264,75,75,30,000016367.jpg,000061728.jpg
802,264,75,75,30,000016367.jpg,000061729.jpg
802,264,75,75,30,000016367.jpg,000061730.jpg
802,264,75,75,30,000016367.jpg,000061731.jpg
802,264,75,75,30,000016367.jpg,000061732.jpg
802,264,75,75,30,000016367.jpg,000061733.jpg
802,264,75,75,30,000016367.jpg,000097339.jpg
802,1328,397,396,327,000004331.jpg,000061727.jpg
802,1328,397,396,327,000004331.jpg,000061728.jpg
802,1328,397,396,327,000004331.jpg,000061729.jpg
802,1328,397,396,327,000004331.jpg,000061730.jpg
802,1328,397,396,327,000004331.jpg,000061731.jpg
802,1328,397,396,327,000004331.jpg,000061732.jpg
802,1328,397,396,327,000004331.jpg,000061733.jpg
802,1328,397,396,327,000004331.jpg,000097339.jpg
934,1035,265,205,190,000007524.jpg,000035566.jpg
934,1035,265,205,190,000007524.jpg,000035567.jpg
934,1035,265,205,190,000007524.jpg,000035568.jpg
934,1035,265,205,190,000007524.jpg,000035569.jpg
934,1165,120,1750,185,000013400.jpg,000035566.jpg
934,1165,120,1750,185,000013400.jpg,000035567.jpg
934,1165,120,1750,185,000013400.jpg,000035568.jpg
934,1165,120,1750,185,000013400.jpg,000035569.jpg
681,214,71,65,23,000017918.jpg,000060999.jpg
681,214,71,65,23,000017918.jpg,000061000.jpg
681,214,71,65,23,000017918.jpg,000061001.jpg
681,340,55,68,21,000014922.jpg,000060999.jpg
681,340,55,68,21,000014922.jpg,000061000.jpg
681,340,55,68,21,000014922.jpg,000061001.jpg
681,3028,604,504,406,000005947.jpg,000060999.jpg
681,3028,604,504,406,000005947.jpg,000061000.jpg
681,3028,604,504,406,000005947.jpg,000061001.jpg
681,455,130,244,51,000002204.jpg,000060999.jpg
681,455,130,244,51,000002204.jpg,000061000.jpg
681,455,130,244,51,000002204.jpg,000061001.jpg
681,154,123,65,57,000013936.jpg,000060999.jpg
681,154,123,65,57,000013936.jpg,000061000.jpg
681,154,123,65,57,000013936.jpg,000061001.jpg
681,777,185,169,66,000003874.jpg,000060999.jpg
681,777,185,169,66,000003874.jpg,000061000.jpg
681,777,185,169,66,000003874.jpg,000061001.jpg
681,321,53,156,36,000007844.jpg,000060999.jpg
681,321,53,156,36,000007844.jpg,000061000.jpg
681,321,53,156,36,000007844.jpg,000061001.jpg
681,1148,298,1124,88,000016872.jpg,000060999.jpg
681,1148,298,1124,88,000016872.jpg,000061000.jpg
681,1148,298,1124,88,000016872.jpg,000061001.jpg
681,92,121,134,45,000012039.jpg,000060999.jpg
681,92,121,134,45,000012039.jpg,000061000.jpg
681,92,121,134,45,000012039.jpg,000061001.jpg
681,1482,492,1006,231,000015908.jpg,000060999.jpg
681,1482,492,1006,231,000015908.jpg,000061000.jpg
681,1482,492,1006,231,000015908.jpg,000061001.jpg
814,345,227,45,117,000014407.jpg,000048100.jpg
814,345,227,45,117,000014407.jpg,000048101.jpg
814,345,227,45,117,000014407.jpg,000048102.jpg
1072,203,74,59,42,000002478.jpg,000070509.jpg
1072,203,74,59,42,000002478.jpg,000070510.jpg
1072,203,74,59,42,000002478.jpg,000070511.jpg
692,211,206,98,116,000014119.jpg,000087701.jpg
692,211,206,98,116,000014119.jpg,000087702.jpg
692,211,206,98,116,000014119.jpg,000087703.jpg
692,211,206,98,116,000014119.jpg,000087704.jpg
1210,196,68,85,29,000001681.jpg,000058215.jpg
1210,196,68,85,29,000001681.jpg,000058216.jpg
1210,196,68,85,29,000001681.jpg,000058217.jpg
1210,358,63,118,29,000016681.jpg,000058215.jpg
1210,358,63,118,29,000016681.jpg,000058216.jpg
1210,358,63,118,29,000016681.jpg,000058217.jpg
826,1387,73,785,90,000010840.jpg,000085573.jpg
826,1387,73,785,90,000010840.jpg,000085574.jpg
826,1387,73,785,90,000010840.jpg,000085575.jpg
826,1387,73,785,90,000010840.jpg,000085576.jpg
319,93,66,308,79,000018356.jpg,000057184.jpg
319,156,3,384,3,000018356.jpg,000057184.jpg
319,93,66,308,79,000018356.jpg,000057185.jpg
319,156,3,384,3,000018356.jpg,000057185.jpg
319,93,66,308,79,000018356.jpg,000057186.jpg
319,156,3,384,3,000018356.jpg,000057186.jpg
450,1095,228,437,105,000007006.jpg,000080280.jpg
450,1095,228,437,105,000007006.jpg,000080281.jpg
450,1095,228,437,105,000007006.jpg,000080282.jpg
450,975,295,430,125,000012981.jpg,000080280.jpg
450,975,295,430,125,000012981.jpg,000080281.jpg
450,975,295,430,125,000012981.jpg,000080282.jpg
199,545,375,270,85,000014660.jpg,000057443.jpg
199,545,375,270,85,000014660.jpg,000057444.jpg
199,545,375,270,85,000014660.jpg,000057445.jpg
1226,346,154,244,60,000009534.jpg,000042161.jpg
1226,346,154,244,60,000009534.jpg,000042162.jpg
1226,346,154,244,60,000009534.jpg,000042163.jpg
1226,292,389,59,231,000016310.jpg,000042161.jpg
1226,292,389,59,231,000016310.jpg,000042162.jpg
1226,292,389,59,231,000016310.jpg,000042163.jpg
718,1061,345,840,135,000013281.jpg,000063156.jpg
718,1061,345,840,135,000013281.jpg,000063157.jpg
718,1061,345,840,135,000013281.jpg,000063158.jpg
718,352,127,445,61,000007599.jpg,000063156.jpg
718,352,127,445,61,000007599.jpg,000063157.jpg
718,352,127,445,61,000007599.jpg,000063158.jpg
718,1070,268,713,74,000006584.jpg,000063156.jpg
718,1070,268,713,74,000006584.jpg,000063157.jpg
718,1070,268,713,74,000006584.jpg,000063158.jpg
718,955,235,285,130,000009489.jpg,000063156.jpg
718,955,235,285,130,000009489.jpg,000063157.jpg
718,955,235,285,130,000009489.jpg,000063158.jpg
207,1352,584,676,235,000010011.jpg,000063506.jpg
207,1352,584,676,235,000010011.jpg,000063507.jpg
207,1352,584,676,235,000010011.jpg,000063508.jpg
850,1075,310,270,185,000014485.jpg,000087065.jpg
850,1075,310,270,185,000014485.jpg,000087066.jpg
850,1075,310,270,185,000014485.jpg,000087067.jpg
850,1075,310,270,185,000014485.jpg,000087068.jpg
850,1075,310,270,185,000014485.jpg,000087069.jpg
850,1075,310,270,185,000014485.jpg,000087070.jpg
978,336,245,235,137,000005273.jpg,000062386.jpg
978,336,245,235,137,000005273.jpg,000062388.jpg
978,336,245,235,137,000005273.jpg,000062390.jpg
978,514,549,293,240,000008125.jpg,000062386.jpg
978,514,549,293,240,000008125.jpg,000062388.jpg
978,514,549,293,240,000008125.jpg,000062390.jpg
470,190,125,81,52,000015696.jpg,000056340.jpg
470,190,125,81,52,000015696.jpg,000056341.jpg
470,190,125,81,52,000015696.jpg,000056343.jpg
470,239,87,174,34,000007563.jpg,000056340.jpg
470,239,87,174,34,000007563.jpg,000056341.jpg
470,239,87,174,34,000007563.jpg,000056343.jpg
470,234,70,55,36,000001932.jpg,000056340.jpg
470,234,70,55,36,000001932.jpg,000056341.jpg
470,234,70,55,36,000001932.jpg,000056343.jpg
1240,678,279,330,70,000003672.jpg,000049819.jpg
1240,678,279,330,70,000003672.jpg,000049821.jpg
1240,678,279,330,70,000003672.jpg,000049823.jpg
1240,678,279,330,70,000003672.jpg,000097332.jpg
1240,899,315,779,230,000018828.jpg,000049819.jpg
1240,899,315,779,230,000018828.jpg,000049821.jpg
1240,899,315,779,230,000018828.jpg,000049823.jpg
1240,899,315,779,230,000018828.jpg,000097332.jpg
1240,279,68,14,24,000013275.jpg,000049819.jpg
1240,279,68,14,24,000013275.jpg,000049821.jpg
1240,279,68,14,24,000013275.jpg,000049823.jpg
1240,279,68,14,24,000013275.jpg,000097332.jpg
1240,1166,189,1693,417,000009699.jpg,000049819.jpg
1240,1166,189,1693,417,000009699.jpg,000049821.jpg
1240,1166,189,1693,417,000009699.jpg,000049823.jpg
1240,1166,189,1693,417,000009699.jpg,000097332.jpg
1240,570,467,1460,251,000011115.jpg,000049819.jpg
1240,570,467,1460,251,000011115.jpg,000049821.jpg
1240,570,467,1460,251,000011115.jpg,000049823.jpg
1240,570,467,1460,251,000011115.jpg,000097332.jpg
1240,1080,156,1997,78,000000007.jpg,000049819.jpg
1240,1080,156,1997,78,000000007.jpg,000049821.jpg
1240,1080,156,1997,78,000000007.jpg,000049823.jpg
1240,1080,156,1997,78,000000007.jpg,000097332.jpg
1240,1582,465,321,179,000011020.jpg,000049819.jpg
1240,1582,465,321,179,000011020.jpg,000049821.jpg
1240,1582,465,321,179,000011020.jpg,000049823.jpg
1240,1582,465,321,179,000011020.jpg,000097332.jpg
1240,672,114,855,66,000007369.jpg,000049819.jpg
1240,672,114,855,66,000007369.jpg,000049821.jpg
1240,672,114,855,66,000007369.jpg,000049823.jpg
1240,672,114,855,66,000007369.jpg,000097332.jpg
1240,321,135,173,55,000007148.jpg,000049819.jpg
1240,321,135,173,55,000007148.jpg,000049821.jpg
1240,321,135,173,55,000007148.jpg,000049823.jpg
1240,321,135,173,55,000007148.jpg,000097332.jpg
1240,658,128,164,71,000001372.jpg,000049819.jpg
1240,658,128,164,71,000001372.jpg,000049821.jpg
1240,658,128,164,71,000001372.jpg,000049823.jpg
1240,658,128,164,71,000001372.jpg,000097332.jpg
1240,217,78,446,35,000002860.jpg,000049819.jpg
1240,217,78,446,35,000002860.jpg,000049821.jpg
1240,217,78,446,35,000002860.jpg,000049823.jpg
1240,217,78,446,35,000002860.jpg,000097332.jpg
1240,216,150,368,190,000008483.jpg,000049819.jpg
1240,216,150,368,190,000008483.jpg,000049821.jpg
1240,216,150,368,190,000008483.jpg,000049823.jpg
1240,216,150,368,190,000008483.jpg,000097332.jpg
1240,1676,476,656,199,000003694.jpg,000049819.jpg
1240,1676,476,656,199,000003694.jpg,000049821.jpg
1240,1676,476,656,199,000003694.jpg,000049823.jpg
1240,1676,476,656,199,000003694.jpg,000097332.jpg
1240,576,60,180,30,000011514.jpg,000049819.jpg
1240,576,60,180,30,000011514.jpg,000049821.jpg
1240,576,60,180,30,000011514.jpg,000049823.jpg
1240,576,60,180,30,000011514.jpg,000097332.jpg
1240,423,109,82,64,000001961.jpg,000049819.jpg
1240,423,109,82,64,000001961.jpg,000049821.jpg
1240,423,109,82,64,000001961.jpg,000049823.jpg
1240,423,109,82,64,000001961.jpg,000097332.jpg
1240,314,79,143,56,000007844.jpg,000049819.jpg
1240,314,79,143,56,000007844.jpg,000049821.jpg
1240,314,79,143,56,000007844.jpg,000049823.jpg
1240,314,79,143,56,000007844.jpg,000097332.jpg
1240,2896,856,405,582,000005947.jpg,000049819.jpg
1240,2896,856,405,582,000005947.jpg,000049821.jpg
1240,2896,856,405,582,000005947.jpg,000049823.jpg
1240,2896,856,405,582,000005947.jpg,000097332.jpg
1240,340,76,230,39,000010164.jpg,000049819.jpg
1240,340,76,230,39,000010164.jpg,000049821.jpg
1240,340,76,230,39,000010164.jpg,000049823.jpg
1240,340,76,230,39,000010164.jpg,000097332.jpg
1240,383,182,206,95,000016499.jpg,000049819.jpg
1240,383,182,206,95,000016499.jpg,000049821.jpg
1240,383,182,206,95,000016499.jpg,000049823.jpg
1240,383,182,206,95,000016499.jpg,000097332.jpg
1240,1066,385,268,193,000012422.jpg,000049819.jpg
1240,1066,385,268,193,000012422.jpg,000049821.jpg
1240,1066,385,268,193,000012422.jpg,000049823.jpg
1240,1066,385,268,193,000012422.jpg,000097332.jpg
985,337,79,301,45,000012681.jpg,000065471.jpg
985,337,79,301,45,000012681.jpg,000065472.jpg
985,337,79,301,45,000012681.jpg,000065473.jpg
985,885,310,676,130,000003428.jpg,000065471.jpg
985,885,310,676,130,000003428.jpg,000065472.jpg
985,885,310,676,130,000003428.jpg,000065473.jpg
985,257,106,60,48,000000751.jpg,000065471.jpg
985,257,106,60,48,000000751.jpg,000065472.jpg
985,257,106,60,48,000000751.jpg,000065473.jpg
985,361,176,188,54,000005446.jpg,000065471.jpg
985,361,176,188,54,000005446.jpg,000065472.jpg
985,361,176,188,54,000005446.jpg,000065473.jpg
985,265,105,41,66,000014629.jpg,000065471.jpg
985,265,105,41,66,000014629.jpg,000065472.jpg
985,265,105,41,66,000014629.jpg,000065473.jpg
985,331,65,92,25,000005119.jpg,000065471.jpg
985,331,65,92,25,000005119.jpg,000065472.jpg
985,331,65,92,25,000005119.jpg,000065473.jpg
985,354,98,72,69,000001321.jpg,000065471.jpg
985,354,98,72,69,000001321.jpg,000065472.jpg
985,354,98,72,69,000001321.jpg,000065473.jpg
985,860,305,345,135,000009389.jpg,000065471.jpg
985,860,305,345,135,000009389.jpg,000065472.jpg
985,860,305,345,135,000009389.jpg,000065473.jpg
985,174,68,106,26,000001910.jpg,000065471.jpg
985,174,68,106,26,000001910.jpg,000065472.jpg
985,174,68,106,26,000001910.jpg,000065473.jpg
1241,918,476,410,198,000007256.jpg,000035046.jpg
1241,918,476,410,198,000007256.jpg,000035047.jpg
1241,918,476,410,198,000007256.jpg,000035048.jpg
1241,918,476,410,198,000007256.jpg,000035049.jpg
1241,918,476,410,198,000007256.jpg,000035050.jpg
347,255,113,85,46,000010336.jpg,000062070.jpg
347,255,113,85,46,000010336.jpg,000062071.jpg
347,255,113,85,46,000010336.jpg,000062073.jpg
347,255,113,85,46,000010336.jpg,000062075.jpg
347,374,55,140,38,000008744.jpg,000062070.jpg
347,374,55,140,38,000008744.jpg,000062071.jpg
347,374,55,140,38,000008744.jpg,000062073.jpg
347,374,55,140,38,000008744.jpg,000062075.jpg
347,1030,388,618,166,000007835.jpg,000062070.jpg
347,1030,388,618,166,000007835.jpg,000062071.jpg
347,1030,388,618,166,000007835.jpg,000062073.jpg
347,1030,388,618,166,000007835.jpg,000062075.jpg
347,310,69,155,30,000015075.jpg,000062070.jpg
347,310,69,155,30,000015075.jpg,000062071.jpg
347,310,69,155,30,000015075.jpg,000062073.jpg
347,310,69,155,30,000015075.jpg,000062075.jpg
347,55,89,60,45,000000431.jpg,000062070.jpg
347,55,89,60,45,000000431.jpg,000062071.jpg
347,55,89,60,45,000000431.jpg,000062073.jpg
347,55,89,60,45,000000431.jpg,000062075.jpg
347,182,49,65,25,000008294.jpg,000062070.jpg
347,182,49,65,25,000008294.jpg,000062071.jpg
347,182,49,65,25,000008294.jpg,000062073.jpg
347,182,49,65,25,000008294.jpg,000062075.jpg
347,291,68,194,25,000016559.jpg,000062070.jpg
347,291,68,194,25,000016559.jpg,000062071.jpg
347,291,68,194,25,000016559.jpg,000062073.jpg
347,291,68,194,25,000016559.jpg,000062075.jpg
347,308,120,84,78,000015944.jpg,000062070.jpg
347,308,120,84,78,000015944.jpg,000062071.jpg
347,308,120,84,78,000015944.jpg,000062073.jpg
347,308,120,84,78,000015944.jpg,000062075.jpg
347,318,89,77,34,000017035.jpg,000062070.jpg
347,318,89,77,34,000017035.jpg,000062071.jpg
347,318,89,77,34,000017035.jpg,000062073.jpg
347,318,89,77,34,000017035.jpg,000062075.jpg
347,245,63,135,40,000015237.jpg,000062070.jpg
347,245,63,135,40,000015237.jpg,000062071.jpg
347,245,63,135,40,000015237.jpg,000062073.jpg
347,245,63,135,40,000015237.jpg,000062075.jpg
347,121,99,127,39,000014254.jpg,000062070.jpg
347,121,99,127,39,000014254.jpg,000062071.jpg
347,121,99,127,39,000014254.jpg,000062073.jpg
347,121,99,127,39,000014254.jpg,000062075.jpg
347,407,137,160,96,000005249.jpg,000062070.jpg
347,407,137,160,96,000005249.jpg,000062071.jpg
347,407,137,160,96,000005249.jpg,000062073.jpg
347,407,137,160,96,000005249.jpg,000062075.jpg
347,251,58,256,24,000016409.jpg,000062070.jpg
347,251,58,256,24,000016409.jpg,000062071.jpg
347,251,58,256,24,000016409.jpg,000062073.jpg
347,251,58,256,24,000016409.jpg,000062075.jpg
347,324,42,344,22,000003308.jpg,000062070.jpg
347,324,42,344,22,000003308.jpg,000062071.jpg
347,324,42,344,22,000003308.jpg,000062073.jpg
347,324,42,344,22,000003308.jpg,000062075.jpg
347,188,83,74,36,000002157.jpg,000062070.jpg
347,188,83,74,36,000002157.jpg,000062071.jpg
347,188,83,74,36,000002157.jpg,000062073.jpg
347,188,83,74,36,000002157.jpg,000062075.jpg
347,261,103,101,52,000000692.jpg,000062070.jpg
347,261,103,101,52,000000692.jpg,000062071.jpg
347,261,103,101,52,000000692.jpg,000062073.jpg
347,261,103,101,52,000000692.jpg,000062075.jpg
347,1075,290,595,170,000014484.jpg,000062070.jpg
347,1075,290,595,170,000014484.jpg,000062071.jpg
347,1075,290,595,170,000014484.jpg,000062073.jpg
347,1075,290,595,170,000014484.jpg,000062075.jpg
347,204,67,54,36,000005512.jpg,000062070.jpg
347,204,67,54,36,000005512.jpg,000062071.jpg
347,204,67,54,36,000005512.jpg,000062073.jpg
347,204,67,54,36,000005512.jpg,000062075.jpg
347,335,53,142,32,000016074.jpg,000062070.jpg
347,335,53,142,32,000016074.jpg,000062071.jpg
347,335,53,142,32,000016074.jpg,000062073.jpg
347,335,53,142,32,000016074.jpg,000062075.jpg
347,251,68,111,29,000002312.jpg,000062070.jpg
347,251,68,111,29,000002312.jpg,000062071.jpg
347,251,68,111,29,000002312.jpg,000062073.jpg
347,251,68,111,29,000002312.jpg,000062075.jpg
347,283,80,48,42,000007749.jpg,000062070.jpg
347,283,80,48,42,000007749.jpg,000062071.jpg
347,283,80,48,42,000007749.jpg,000062073.jpg
347,283,80,48,42,000007749.jpg,000062075.jpg
347,315,125,308,89,000016007.jpg,000062070.jpg
347,315,125,308,89,000016007.jpg,000062071.jpg
347,315,125,308,89,000016007.jpg,000062073.jpg
347,315,125,308,89,000016007.jpg,000062075.jpg
347,692,141,92,28,000014399.jpg,000062070.jpg
347,692,141,92,28,000014399.jpg,000062071.jpg
347,692,141,92,28,000014399.jpg,000062073.jpg
347,692,141,92,28,000014399.jpg,000062075.jpg
347,211,111,96,67,000007442.jpg,000062070.jpg
347,211,111,96,67,000007442.jpg,000062071.jpg
347,211,111,96,67,000007442.jpg,000062073.jpg
347,211,111,96,67,000007442.jpg,000062075.jpg
347,295,86,74,65,000013306.jpg,000062070.jpg
347,295,86,74,65,000013306.jpg,000062071.jpg
347,295,86,74,65,000013306.jpg,000062073.jpg
347,295,86,74,65,000013306.jpg,000062075.jpg
347,136,132,234,41,000015754.jpg,000062070.jpg
347,136,132,234,41,000015754.jpg,000062071.jpg
347,136,132,234,41,000015754.jpg,000062073.jpg
347,136,132,234,41,000015754.jpg,000062075.jpg
347,1209,1072,1468,467,000005034.jpg,000062070.jpg
347,1209,1072,1468,467,000005034.jpg,000062071.jpg
347,1209,1072,1468,467,000005034.jpg,000062073.jpg
347,1209,1072,1468,467,000005034.jpg,000062075.jpg
347,276,84,106,34,000000724.jpg,000062070.jpg
347,276,84,106,34,000000724.jpg,000062071.jpg
347,276,84,106,34,000000724.jpg,000062073.jpg
347,276,84,106,34,000000724.jpg,000062075.jpg
347,251,53,231,23,000015245.jpg,000062070.jpg
347,251,53,231,23,000015245.jpg,000062071.jpg
347,251,53,231,23,000015245.jpg,000062073.jpg
347,251,53,231,23,000015245.jpg,000062075.jpg
347,242,86,78,50,000016616.jpg,000062070.jpg
347,242,86,78,50,000016616.jpg,000062071.jpg
347,242,86,78,50,000016616.jpg,000062073.jpg
347,242,86,78,50,000016616.jpg,000062075.jpg
347,207,56,168,28,000017167.jpg,000062070.jpg
347,207,56,168,28,000017167.jpg,000062071.jpg
347,207,56,168,28,000017167.jpg,000062073.jpg
347,207,56,168,28,000017167.jpg,000062075.jpg
347,291,90,130,53,000004531.jpg,000062070.jpg
347,291,90,130,53,000004531.jpg,000062071.jpg
347,291,90,130,53,000004531.jpg,000062073.jpg
347,291,90,130,53,000004531.jpg,000062075.jpg
347,382,128,87,68,000015660.jpg,000062070.jpg
347,382,128,87,68,000015660.jpg,000062071.jpg
347,382,128,87,68,000015660.jpg,000062073.jpg
347,382,128,87,68,000015660.jpg,000062075.jpg
347,574,154,515,88,000000339.jpg,000062070.jpg
347,574,154,515,88,000000339.jpg,000062071.jpg
347,574,154,515,88,000000339.jpg,000062073.jpg
347,574,154,515,88,000000339.jpg,000062075.jpg
347,112,55,247,18,000011242.jpg,000062070.jpg
347,112,55,247,18,000011242.jpg,000062071.jpg
347,112,55,247,18,000011242.jpg,000062073.jpg
347,112,55,247,18,000011242.jpg,000062075.jpg
347,437,148,4,55,000330213.jpg,000062070.jpg
347,437,148,4,55,000330213.jpg,000062071.jpg
347,437,148,4,55,000330213.jpg,000062073.jpg
347,437,148,4,55,000330213.jpg,000062075.jpg
347,150,31,108,35,000007790.jpg,000062070.jpg
347,150,31,108,35,000007790.jpg,000062071.jpg
347,150,31,108,35,000007790.jpg,000062073.jpg
347,150,31,108,35,000007790.jpg,000062075.jpg
347,314,65,95,29,000018287.jpg,000062070.jpg
347,314,65,95,29,000018287.jpg,000062071.jpg
347,314,65,95,29,000018287.jpg,000062073.jpg
347,314,65,95,29,000018287.jpg,000062075.jpg
347,297,52,232,39,000002519.jpg,000062070.jpg
347,297,52,232,39,000002519.jpg,000062071.jpg
347,297,52,232,39,000002519.jpg,000062073.jpg
347,297,52,232,39,000002519.jpg,000062075.jpg
347,155,115,107,45,000011430.jpg,000062070.jpg
347,155,115,107,45,000011430.jpg,000062071.jpg
347,155,115,107,45,000011430.jpg,000062073.jpg
347,155,115,107,45,000011430.jpg,000062075.jpg
347,2951,768,449,472,000005947.jpg,000062070.jpg
347,2951,768,449,472,000005947.jpg,000062071.jpg
347,2951,768,449,472,000005947.jpg,000062073.jpg
347,2951,768,449,472,000005947.jpg,000062075.jpg
347,447,103,97,65,000006307.jpg,000062070.jpg
347,447,103,97,65,000006307.jpg,000062071.jpg
347,447,103,97,65,000006307.jpg,000062073.jpg
347,447,103,97,65,000006307.jpg,000062075.jpg
347,243,97,124,39,000003968.jpg,000062070.jpg
347,243,97,124,39,000003968.jpg,000062071.jpg
347,243,97,124,39,000003968.jpg,000062073.jpg
347,243,97,124,39,000003968.jpg,000062075.jpg
347,857,268,437,111,000016252.jpg,000062070.jpg
347,857,268,437,111,000016252.jpg,000062071.jpg
347,857,268,437,111,000016252.jpg,000062073.jpg
347,857,268,437,111,000016252.jpg,000062075.jpg
347,245,72,102,23,000018367.jpg,000062070.jpg
347,245,72,102,23,000018367.jpg,000062071.jpg
347,245,72,102,23,000018367.jpg,000062073.jpg
347,245,72,102,23,000018367.jpg,000062075.jpg
347,300,108,152,38,000009537.jpg,000062070.jpg
347,300,108,152,38,000009537.jpg,000062071.jpg
347,300,108,152,38,000009537.jpg,000062073.jpg
347,300,108,152,38,000009537.jpg,000062075.jpg
347,340,13,427,8,000008296.jpg,000062070.jpg
347,340,13,427,8,000008296.jpg,000062071.jpg
347,340,13,427,8,000008296.jpg,000062073.jpg
347,340,13,427,8,000008296.jpg,000062075.jpg
347,351,96,150,52,000014003.jpg,000062070.jpg
347,351,96,150,52,000014003.jpg,000062071.jpg
347,351,96,150,52,000014003.jpg,000062073.jpg
347,351,96,150,52,000014003.jpg,000062075.jpg
347,1347,700,1261,303,000011500.jpg,000062070.jpg
347,1347,700,1261,303,000011500.jpg,000062071.jpg
347,1347,700,1261,303,000011500.jpg,000062073.jpg
347,1347,700,1261,303,000011500.jpg,000062075.jpg
347,262,68,131,33,000012136.jpg,000062070.jpg
347,262,68,131,33,000012136.jpg,000062071.jpg
347,262,68,131,33,000012136.jpg,000062073.jpg
347,262,68,131,33,000012136.jpg,000062075.jpg
347,427,78,182,30,000007403.jpg,000062070.jpg
347,427,78,182,30,000007403.jpg,000062071.jpg
347,427,78,182,30,000007403.jpg,000062073.jpg
347,427,78,182,30,000007403.jpg,000062075.jpg
347,255,50,284,20,000002517.jpg,000062070.jpg
347,255,50,284,20,000002517.jpg,000062071.jpg
347,255,50,284,20,000002517.jpg,000062073.jpg
347,255,50,284,20,000002517.jpg,000062075.jpg
347,1422,374,373,179,000017957.jpg,000062070.jpg
347,373,381,373,210,000017957.jpg,000062070.jpg
347,2517,436,380,195,000017957.jpg,000062070.jpg
347,1422,374,373,179,000017957.jpg,000062071.jpg
347,373,381,373,210,000017957.jpg,000062071.jpg
347,2517,436,380,195,000017957.jpg,000062071.jpg
347,1422,374,373,179,000017957.jpg,000062073.jpg
347,373,381,373,210,000017957.jpg,000062073.jpg
347,2517,436,380,195,000017957.jpg,000062073.jpg
347,1422,374,373,179,000017957.jpg,000062075.jpg
347,373,381,373,210,000017957.jpg,000062075.jpg
347,2517,436,380,195,000017957.jpg,000062075.jpg
347,285,48,64,29,000006049.jpg,000062070.jpg
347,285,48,64,29,000006049.jpg,000062071.jpg
347,285,48,64,29,000006049.jpg,000062073.jpg
347,285,48,64,29,000006049.jpg,000062075.jpg
347,221,94,135,53,000011988.jpg,000062070.jpg
347,221,94,135,53,000011988.jpg,000062071.jpg
347,221,94,135,53,000011988.jpg,000062073.jpg
347,221,94,135,53,000011988.jpg,000062075.jpg
347,327,55,188,28,000003948.jpg,000062070.jpg
347,327,55,188,28,000003948.jpg,000062071.jpg
347,327,55,188,28,000003948.jpg,000062073.jpg
347,327,55,188,28,000003948.jpg,000062075.jpg
347,200,59,119,38,000004547.jpg,000062070.jpg
347,200,59,119,38,000004547.jpg,000062071.jpg
347,200,59,119,38,000004547.jpg,000062073.jpg
347,200,59,119,38,000004547.jpg,000062075.jpg
347,185,253,169,126,000002996.jpg,000062070.jpg
347,185,253,169,126,000002996.jpg,000062071.jpg
347,185,253,169,126,000002996.jpg,000062073.jpg
347,185,253,169,126,000002996.jpg,000062075.jpg
347,358,309,205,153,000005993.jpg,000062070.jpg
347,358,309,205,153,000005993.jpg,000062071.jpg
347,358,309,205,153,000005993.jpg,000062073.jpg
347,358,309,205,153,000005993.jpg,000062075.jpg
347,634,150,604,98,000016264.jpg,000062070.jpg
347,634,150,604,98,000016264.jpg,000062071.jpg
347,634,150,604,98,000016264.jpg,000062073.jpg
347,634,150,604,98,000016264.jpg,000062075.jpg
347,920,525,868,280,000012233.jpg,000062070.jpg
347,920,525,868,280,000012233.jpg,000062071.jpg
347,920,525,868,280,000012233.jpg,000062073.jpg
347,920,525,868,280,000012233.jpg,000062075.jpg
347,234,145,117,56,000002620.jpg,000062070.jpg
347,234,145,117,56,000002620.jpg,000062071.jpg
347,234,145,117,56,000002620.jpg,000062073.jpg
347,234,145,117,56,000002620.jpg,000062075.jpg
347,312,109,87,69,000000843.jpg,000062070.jpg
347,312,109,87,69,000000843.jpg,000062071.jpg
347,312,109,87,69,000000843.jpg,000062073.jpg
347,312,109,87,69,000000843.jpg,000062075.jpg
347,280,78,88,48,000002018.jpg,000062070.jpg
347,280,78,88,48,000002018.jpg,000062071.jpg
347,280,78,88,48,000002018.jpg,000062073.jpg
347,280,78,88,48,000002018.jpg,000062075.jpg
347,340,69,299,132,000002263.jpg,000062070.jpg
347,340,69,299,132,000002263.jpg,000062071.jpg
347,340,69,299,132,000002263.jpg,000062073.jpg
347,340,69,299,132,000002263.jpg,000062075.jpg
347,453,96,388,92,000016282.jpg,000062070.jpg
347,453,96,388,92,000016282.jpg,000062071.jpg
347,453,96,388,92,000016282.jpg,000062073.jpg
347,453,96,388,92,000016282.jpg,000062075.jpg
347,230,68,158,50,000008997.jpg,000062070.jpg
347,230,68,158,50,000008997.jpg,000062071.jpg
347,230,68,158,50,000008997.jpg,000062073.jpg
347,230,68,158,50,000008997.jpg,000062075.jpg
347,328,62,97,28,000330353.jpg,000062070.jpg
347,328,62,97,28,000330353.jpg,000062071.jpg
347,328,62,97,28,000330353.jpg,000062073.jpg
347,328,62,97,28,000330353.jpg,000062075.jpg
347,346,94,79,73,000014377.jpg,000062070.jpg
347,346,94,79,73,000014377.jpg,000062071.jpg
347,346,94,79,73,000014377.jpg,000062073.jpg
347,346,94,79,73,000014377.jpg,000062075.jpg
347,165,81,64,29,000010909.jpg,000062070.jpg
347,165,81,64,29,000010909.jpg,000062071.jpg
347,165,81,64,29,000010909.jpg,000062073.jpg
347,165,81,64,29,000010909.jpg,000062075.jpg
347,294,86,101,59,000329859.jpg,000062070.jpg
347,294,86,101,59,000329859.jpg,000062071.jpg
347,294,86,101,59,000329859.jpg,000062073.jpg
347,294,86,101,59,000329859.jpg,000062075.jpg
347,471,55,81,30,000000334.jpg,000062070.jpg
347,471,55,81,30,000000334.jpg,000062071.jpg
347,471,55,81,30,000000334.jpg,000062073.jpg
347,471,55,81,30,000000334.jpg,000062075.jpg
347,1326,392,1474,116,000013687.jpg,000062070.jpg
347,1326,392,1474,116,000013687.jpg,000062071.jpg
347,1326,392,1474,116,000013687.jpg,000062073.jpg
347,1326,392,1474,116,000013687.jpg,000062075.jpg
347,186,100,154,32,000004289.jpg,000062070.jpg
347,186,100,154,32,000004289.jpg,000062071.jpg
347,186,100,154,32,000004289.jpg,000062073.jpg
347,186,100,154,32,000004289.jpg,000062075.jpg
347,247,145,209,45,000008600.jpg,000062070.jpg
347,247,145,209,45,000008600.jpg,000062071.jpg
347,247,145,209,45,000008600.jpg,000062073.jpg
347,247,145,209,45,000008600.jpg,000062075.jpg
347,405,183,103,56,000017313.jpg,000062070.jpg
347,405,183,103,56,000017313.jpg,000062071.jpg
347,405,183,103,56,000017313.jpg,000062073.jpg
347,405,183,103,56,000017313.jpg,000062075.jpg
347,297,73,155,43,000009008.jpg,000062070.jpg
347,297,73,155,43,000009008.jpg,000062071.jpg
347,297,73,155,43,000009008.jpg,000062073.jpg
347,297,73,155,43,000009008.jpg,000062075.jpg
347,285,42,170,16,000005752.jpg,000062070.jpg
347,285,42,170,16,000005752.jpg,000062071.jpg
347,285,42,170,16,000005752.jpg,000062073.jpg
347,285,42,170,16,000005752.jpg,000062075.jpg
347,222,68,97,31,000007191.jpg,000062070.jpg
347,222,68,97,31,000007191.jpg,000062071.jpg
347,222,68,97,31,000007191.jpg,000062073.jpg
347,222,68,97,31,000007191.jpg,000062075.jpg
347,363,88,571,172,000005728.jpg,000062070.jpg
347,363,88,571,172,000005728.jpg,000062071.jpg
347,363,88,571,172,000005728.jpg,000062073.jpg
347,363,88,571,172,000005728.jpg,000062075.jpg
347,268,70,171,28,000001421.jpg,000062070.jpg
347,268,70,171,28,000001421.jpg,000062071.jpg
347,268,70,171,28,000001421.jpg,000062073.jpg
347,268,70,171,28,000001421.jpg,000062075.jpg
1247,93,111,656,109,000008288.jpg,000062977.jpg
1247,93,111,656,109,000008288.jpg,000062978.jpg
1247,93,111,656,109,000008288.jpg,000062979.jpg
1247,93,111,656,109,000008288.jpg,000062980.jpg
1247,183,77,80,25,000006296.jpg,000062977.jpg
1247,183,77,80,25,000006296.jpg,000062978.jpg
1247,183,77,80,25,000006296.jpg,000062979.jpg
1247,183,77,80,25,000006296.jpg,000062980.jpg
1247,1236,530,390,212,000005736.jpg,000062977.jpg
1247,1236,530,390,212,000005736.jpg,000062978.jpg
1247,1236,530,390,212,000005736.jpg,000062979.jpg
1247,1236,530,390,212,000005736.jpg,000062980.jpg
1247,1486,225,1347,398,000015721.jpg,000062977.jpg
1247,1486,225,1347,398,000015721.jpg,000062978.jpg
1247,1486,225,1347,398,000015721.jpg,000062979.jpg
1247,1486,225,1347,398,000015721.jpg,000062980.jpg
1247,236,96,135,36,000007302.jpg,000062977.jpg
1247,236,96,135,36,000007302.jpg,000062978.jpg
1247,236,96,135,36,000007302.jpg,000062979.jpg
1247,236,96,135,36,000007302.jpg,000062980.jpg
864,222,68,140,26,000009322.jpg,000054019.jpg
864,222,68,140,26,000009322.jpg,000054020.jpg
864,222,68,140,26,000009322.jpg,000054022.jpg
864,222,68,140,26,000009322.jpg,000054023.jpg
864,228,298,97,122,000000758.jpg,000054019.jpg
864,228,298,97,122,000000758.jpg,000054020.jpg
864,228,298,97,122,000000758.jpg,000054022.jpg
864,228,298,97,122,000000758.jpg,000054023.jpg
864,190,62,411,28,000014795.jpg,000054019.jpg
864,190,62,411,28,000014795.jpg,000054020.jpg
864,190,62,411,28,000014795.jpg,000054022.jpg
864,190,62,411,28,000014795.jpg,000054023.jpg
864,270,100,152,40,000016272.jpg,000054019.jpg
864,270,100,152,40,000016272.jpg,000054020.jpg
864,270,100,152,40,000016272.jpg,000054022.jpg
864,270,100,152,40,000016272.jpg,000054023.jpg
864,111,358,391,148,000009931.jpg,000054019.jpg
864,111,358,391,148,000009931.jpg,000054020.jpg
864,111,358,391,148,000009931.jpg,000054022.jpg
864,111,358,391,148,000009931.jpg,000054023.jpg
864,234,66,178,33,000009157.jpg,000054019.jpg
864,234,66,178,33,000009157.jpg,000054020.jpg
864,234,66,178,33,000009157.jpg,000054022.jpg
864,234,66,178,33,000009157.jpg,000054023.jpg
864,419,63,158,29,000008887.jpg,000054019.jpg
864,419,63,158,29,000008887.jpg,000054020.jpg
864,419,63,158,29,000008887.jpg,000054022.jpg
864,419,63,158,29,000008887.jpg,000054023.jpg
1253,197,139,92,54,000012010.jpg,000076328.jpg
1253,538,464,97,244,000012010.jpg,000076328.jpg
1253,197,139,92,54,000012010.jpg,000076329.jpg
1253,538,464,97,244,000012010.jpg,000076329.jpg
1253,197,139,92,54,000012010.jpg,000076330.jpg
1253,538,464,97,244,000012010.jpg,000076330.jpg
1253,197,139,92,54,000012010.jpg,000076331.jpg
1253,538,464,97,244,000012010.jpg,000076331.jpg
1253,304,118,188,49,000009200.jpg,000076328.jpg
1253,304,118,188,49,000009200.jpg,000076329.jpg
1253,304,118,188,49,000009200.jpg,000076330.jpg
1253,304,118,188,49,000009200.jpg,000076331.jpg
1253,862,318,2214,428,000015163.jpg,000076328.jpg
1253,862,318,2214,428,000015163.jpg,000076329.jpg
1253,862,318,2214,428,000015163.jpg,000076330.jpg
1253,862,318,2214,428,000015163.jpg,000076331.jpg
1253,204,79,734,77,000005156.jpg,000076328.jpg
1253,204,79,734,77,000005156.jpg,000076329.jpg
1253,204,79,734,77,000005156.jpg,000076330.jpg
1253,204,79,734,77,000005156.jpg,000076331.jpg
873,1632,545,1598,294,000010394.jpg,000061522.jpg
873,1632,545,1598,294,000010394.jpg,000061523.jpg
873,1632,545,1598,294,000010394.jpg,000061524.jpg
873,600,345,340,155,000004927.jpg,000061522.jpg
873,600,345,340,155,000004927.jpg,000061523.jpg
873,600,345,340,155,000004927.jpg,000061524.jpg
873,1933,428,501,182,000016535.jpg,000061522.jpg
873,1933,428,501,182,000016535.jpg,000061523.jpg
873,1933,428,501,182,000016535.jpg,000061524.jpg
873,354,292,165,132,000009462.jpg,000061522.jpg
873,354,292,165,132,000009462.jpg,000061523.jpg
873,354,292,165,132,000009462.jpg,000061524.jpg
873,340,452,94,195,000007677.jpg,000061522.jpg
873,340,452,94,195,000007677.jpg,000061523.jpg
873,340,452,94,195,000007677.jpg,000061524.jpg
873,511,653,932,207,000018663.jpg,000061522.jpg
873,511,653,932,207,000018663.jpg,000061523.jpg
873,511,653,932,207,000018663.jpg,000061524.jpg
873,277,478,154,249,000017784.jpg,000061522.jpg
873,277,478,154,249,000017784.jpg,000061523.jpg
873,277,478,154,249,000017784.jpg,000061524.jpg
873,64,458,41,202,000007023.jpg,000061522.jpg
873,64,458,41,202,000007023.jpg,000061523.jpg
873,64,458,41,202,000007023.jpg,000061524.jpg
873,212,103,61,31,000001565.jpg,000061522.jpg
873,212,103,61,31,000001565.jpg,000061523.jpg
873,212,103,61,31,000001565.jpg,000061524.jpg
873,412,199,380,87,000014055.jpg,000061522.jpg
873,412,199,380,87,000014055.jpg,000061523.jpg
873,412,199,380,87,000014055.jpg,000061524.jpg
873,518,131,149,51,000005038.jpg,000061522.jpg
873,518,131,149,51,000005038.jpg,000061523.jpg
873,518,131,149,51,000005038.jpg,000061524.jpg
873,159,150,31,97,000002365.jpg,000061522.jpg
873,159,150,31,97,000002365.jpg,000061523.jpg
873,159,150,31,97,000002365.jpg,000061524.jpg
873,234,275,92,117,000011303.jpg,000061522.jpg
873,234,275,92,117,000011303.jpg,000061523.jpg
873,234,275,92,117,000011303.jpg,000061524.jpg
873,137,295,71,89,000015008.jpg,000061522.jpg
873,137,295,71,89,000015008.jpg,000061523.jpg
873,137,295,71,89,000015008.jpg,000061524.jpg
873,954,305,294,152,000010823.jpg,000061522.jpg
873,954,305,294,152,000010823.jpg,000061523.jpg
873,954,305,294,152,000010823.jpg,000061524.jpg
873,1216,255,706,139,000000760.jpg,000061522.jpg
873,1216,255,706,139,000000760.jpg,000061523.jpg
873,1216,255,706,139,000000760.jpg,000061524.jpg
873,906,700,471,292,000363654.jpg,000061522.jpg
873,906,700,471,292,000363654.jpg,000061523.jpg
873,906,700,471,292,000363654.jpg,000061524.jpg
1134,890,445,220,180,000009604.jpg,000042316.jpg
1134,890,445,220,180,000009604.jpg,000042317.jpg
1134,890,445,220,180,000009604.jpg,000042318.jpg
1266,259,106,181,46,000016873.jpg,000057761.jpg
1266,259,106,181,46,000016873.jpg,000057762.jpg
1266,259,106,181,46,000016873.jpg,000057763.jpg
116,123,70,336,48,000018308.jpg,000059506.jpg
116,123,70,336,48,000018308.jpg,000059508.jpg
116,123,70,336,48,000018308.jpg,000059511.jpg
1013,925,250,280,100,000013478.jpg,000086574.jpg
1013,925,250,280,100,000013478.jpg,000086575.jpg
1013,925,250,280,100,000013478.jpg,000086576.jpg
1013,925,250,280,100,000013478.jpg,000086577.jpg
1013,925,250,280,100,000013478.jpg,000086578.jpg
1013,925,250,280,100,000013478.jpg,000086579.jpg
1013,157,95,196,51,000016401.jpg,000086574.jpg
1013,157,95,196,51,000016401.jpg,000086575.jpg
1013,157,95,196,51,000016401.jpg,000086576.jpg
1013,157,95,196,51,000016401.jpg,000086577.jpg
1013,157,95,196,51,000016401.jpg,000086578.jpg
1013,157,95,196,51,000016401.jpg,000086579.jpg
1017,254,102,217,64,000004773.jpg,000057922.jpg
1017,260,79,215,38,000004773.jpg,000057922.jpg
1017,254,102,217,64,000004773.jpg,000057923.jpg
1017,260,79,215,38,000004773.jpg,000057923.jpg
1017,254,102,217,64,000004773.jpg,000057924.jpg
1017,260,79,215,38,000004773.jpg,000057924.jpg
1017,254,102,217,64,000004773.jpg,000057925.jpg
1017,260,79,215,38,000004773.jpg,000057925.jpg
1017,254,102,217,64,000004773.jpg,000057926.jpg
1017,260,79,215,38,000004773.jpg,000057926.jpg
1017,566,44,233,35,000001016.jpg,000057922.jpg
1017,537,83,226,51,000001016.jpg,000057922.jpg
1017,566,44,233,35,000001016.jpg,000057923.jpg
1017,537,83,226,51,000001016.jpg,000057923.jpg
1017,566,44,233,35,000001016.jpg,000057924.jpg
1017,537,83,226,51,000001016.jpg,000057924.jpg
1017,566,44,233,35,000001016.jpg,000057925.jpg
1017,537,83,226,51,000001016.jpg,000057925.jpg
1017,566,44,233,35,000001016.jpg,000057926.jpg
1017,537,83,226,51,000001016.jpg,000057926.jpg
1017,1097,199,2609,156,000013483.jpg,000057922.jpg
1017,1140,173,2652,130,000013483.jpg,000057922.jpg
1017,1097,199,2609,156,000013483.jpg,000057923.jpg
1017,1140,173,2652,130,000013483.jpg,000057923.jpg
1017,1097,199,2609,156,000013483.jpg,000057924.jpg
1017,1140,173,2652,130,000013483.jpg,000057924.jpg
1017,1097,199,2609,156,000013483.jpg,000057925.jpg
1017,1140,173,2652,130,000013483.jpg,000057925.jpg
1017,1097,199,2609,156,000013483.jpg,000057926.jpg
1017,1140,173,2652,130,000013483.jpg,000057926.jpg
122,620,195,108,73,000008921.jpg,000048571.jpg
122,620,195,108,73,000008921.jpg,000048572.jpg
122,620,195,108,73,000008921.jpg,000048573.jpg
