id,left,width,top,height,cons_path,shop_path
2,1266,324,733,167,000011924.jpg,000082783.jpg
2,1266,324,733,167,000011924.jpg,000082784.jpg
2,229,55,277,32,000007876.jpg,000082783.jpg
2,229,55,277,32,000007876.jpg,000082784.jpg
2,1362,460,2415,135,000018706.jpg,000082783.jpg
2,1362,460,2415,135,000018706.jpg,000082784.jpg
2,380,168,552,24,000011856.jpg,000082783.jpg
2,380,168,552,24,000011856.jpg,000082784.jpg
898,263,157,269,63,000003381.jpg,000097544.jpg
898,263,157,269,63,000003381.jpg,000097545.jpg
386,248,68,227,41,000013916.jpg,000048825.jpg
386,248,68,227,41,000013916.jpg,000048826.jpg
386,248,68,227,41,000013916.jpg,000048827.jpg
518,401,426,1317,152,000017065.jpg,000029229.jpg
518,401,426,1317,152,000017065.jpg,000029232.jpg
518,80,217,464,83,000013181.jpg,000029229.jpg
518,80,217,464,83,000013181.jpg,000029232.jpg
518,225,228,490,113,000003561.jpg,000029229.jpg
518,225,228,490,113,000003561.jpg,000029232.jpg
518,168,269,598,71,000013950.jpg,000029229.jpg
518,168,269,598,71,000013950.jpg,000029232.jpg
518,1362,381,1956,191,000012830.jpg,000029229.jpg
518,1362,381,1956,191,000012830.jpg,000029232.jpg
139,182,108,212,74,000003970.jpg,000075393.jpg
139,182,108,212,74,000003970.jpg,000075394.jpg
139,182,108,212,74,000003970.jpg,000075395.jpg
139,172,69,228,20,000006697.jpg,000075393.jpg
139,172,69,228,20,000006697.jpg,000075394.jpg
139,172,69,228,20,000006697.jpg,000075395.jpg
139,21,100,156,23,000008417.jpg,000075393.jpg
139,351,91,164,18,000008417.jpg,000075393.jpg
139,210,75,168,19,000008417.jpg,000075393.jpg
139,21,100,156,23,000008417.jpg,000075394.jpg
139,351,91,164,18,000008417.jpg,000075394.jpg
139,210,75,168,19,000008417.jpg,000075394.jpg
139,21,100,156,23,000008417.jpg,000075395.jpg
139,351,91,164,18,000008417.jpg,000075395.jpg
139,210,75,168,19,000008417.jpg,000075395.jpg
139,88,100,210,21,000010209.jpg,000075393.jpg
139,88,100,210,21,000010209.jpg,000075394.jpg
139,88,100,210,21,000010209.jpg,000075395.jpg
139,192,97,256,39,000010906.jpg,000075393.jpg
139,192,97,256,39,000010906.jpg,000075394.jpg
139,192,97,256,39,000010906.jpg,000075395.jpg
147,800,355,995,110,000014532.jpg,000050836.jpg
147,800,355,995,110,000014532.jpg,000050837.jpg
147,800,355,995,110,000014532.jpg,000050838.jpg
275,735,633,1630,179,000011203.jpg,000084372.jpg
275,735,633,1630,179,000011203.jpg,000084373.jpg
275,793,116,1178,41,000010267.jpg,000084372.jpg
275,793,116,1178,41,000010267.jpg,000084373.jpg
275,1428,326,1164,88,000013836.jpg,000084372.jpg
275,1428,326,1164,88,000013836.jpg,000084373.jpg
275,1130,426,821,164,000013532.jpg,000084372.jpg
275,1130,426,821,164,000013532.jpg,000084373.jpg
275,52,314,237,109,000014235.jpg,000084372.jpg
275,52,314,237,109,000014235.jpg,000084373.jpg
789,216,87,215,18,000006011.jpg,000077676.jpg
789,216,87,215,18,000006011.jpg,000077677.jpg
789,216,87,215,18,000006011.jpg,000077678.jpg
789,216,87,215,18,000006011.jpg,000077679.jpg
789,790,420,1000,115,000010104.jpg,000077676.jpg
789,790,420,1000,115,000010104.jpg,000077677.jpg
789,790,420,1000,115,000010104.jpg,000077678.jpg
789,790,420,1000,115,000010104.jpg,000077679.jpg
789,373,155,434,20,000010222.jpg,000077676.jpg
789,373,155,434,20,000010222.jpg,000077677.jpg
789,373,155,434,20,000010222.jpg,000077678.jpg
789,373,155,434,20,000010222.jpg,000077679.jpg
409,586,109,539,54,000003640.jpg,000074813.jpg
409,586,109,539,54,000003640.jpg,000074814.jpg
409,586,109,539,54,000003640.jpg,000074815.jpg
409,586,109,539,54,000003640.jpg,000074816.jpg
409,586,109,539,54,000003640.jpg,000097548.jpg
409,586,109,539,54,000003640.jpg,000097549.jpg
425,114,147,236,25,000004923.jpg,000097610.jpg
425,114,147,236,25,000004923.jpg,000097611.jpg
425,114,147,236,25,000004923.jpg,000097612.jpg
43,615,795,1045,460,000002611.jpg,000072673.jpg
43,615,795,1045,460,000002611.jpg,000072674.jpg
43,615,795,1045,460,000002611.jpg,000072675.jpg
43,615,795,1045,460,000002611.jpg,000072676.jpg
811,192,126,361,39,000000714.jpg,000065699.jpg
811,192,126,361,39,000000714.jpg,000065702.jpg
811,192,126,361,39,000000714.jpg,000065703.jpg
811,192,126,361,39,000000714.jpg,000065704.jpg
811,700,795,975,365,000007331.jpg,000065699.jpg
811,700,795,975,365,000007331.jpg,000065702.jpg
811,700,795,975,365,000007331.jpg,000065703.jpg
811,700,795,975,365,000007331.jpg,000065704.jpg
557,110,164,347,85,000018891.jpg,000063692.jpg
557,110,164,347,85,000018891.jpg,000063693.jpg
557,110,164,347,85,000018891.jpg,000063694.jpg
557,110,164,347,85,000018891.jpg,000063695.jpg
557,342,118,412,32,000016668.jpg,000063692.jpg
557,342,118,412,32,000016668.jpg,000063693.jpg
557,342,118,412,32,000016668.jpg,000063694.jpg
557,342,118,412,32,000016668.jpg,000063695.jpg
557,155,90,207,11,000005907.jpg,000063692.jpg
557,155,90,207,11,000005907.jpg,000063693.jpg
557,155,90,207,11,000005907.jpg,000063694.jpg
557,155,90,207,11,000005907.jpg,000063695.jpg
557,200,84,235,15,000001941.jpg,000063692.jpg
557,200,84,235,15,000001941.jpg,000063693.jpg
557,200,84,235,15,000001941.jpg,000063694.jpg
557,200,84,235,15,000001941.jpg,000063695.jpg
557,855,375,1395,55,000013623.jpg,000063692.jpg
557,855,375,1395,55,000013623.jpg,000063693.jpg
557,855,375,1395,55,000013623.jpg,000063694.jpg
557,855,375,1395,55,000013623.jpg,000063695.jpg
557,765,435,995,75,000003595.jpg,000063692.jpg
557,765,435,995,75,000003595.jpg,000063693.jpg
557,765,435,995,75,000003595.jpg,000063694.jpg
557,765,435,995,75,000003595.jpg,000063695.jpg
557,1020,513,1165,170,000000203.jpg,000063692.jpg
557,1020,513,1165,170,000000203.jpg,000063693.jpg
557,1020,513,1165,170,000000203.jpg,000063694.jpg
557,1020,513,1165,170,000000203.jpg,000063695.jpg
557,835,345,1145,5,000013557.jpg,000063692.jpg
557,835,345,1145,5,000013557.jpg,000063693.jpg
557,835,345,1145,5,000013557.jpg,000063694.jpg
557,835,345,1145,5,000013557.jpg,000063695.jpg
557,725,530,915,125,000008301.jpg,000063692.jpg
557,725,530,915,125,000008301.jpg,000063693.jpg
557,725,530,915,125,000008301.jpg,000063694.jpg
557,725,530,915,125,000008301.jpg,000063695.jpg
47,209,112,231,28,000006706.jpg,000081057.jpg
47,209,112,231,28,000006706.jpg,000081058.jpg
47,607,477,1080,150,000012025.jpg,000081057.jpg
47,607,477,1080,150,000012025.jpg,000081058.jpg
47,585,460,1120,145,000007631.jpg,000081057.jpg
47,585,460,1120,145,000007631.jpg,000081058.jpg
178,1553,599,1785,241,000004987.jpg,000076301.jpg
178,1553,599,1785,241,000004987.jpg,000076302.jpg
178,1553,599,1785,241,000004987.jpg,000076303.jpg
180,248,229,555,93,000011712.jpg,000085718.jpg
180,248,229,555,93,000011712.jpg,000085719.jpg
565,120,253,371,72,000007815.jpg,000080621.jpg
565,120,253,371,72,000007815.jpg,000080622.jpg
565,120,253,371,72,000007815.jpg,000097938.jpg
565,885,391,1369,47,000009738.jpg,000080621.jpg
565,885,391,1369,47,000009738.jpg,000080622.jpg
565,885,391,1369,47,000009738.jpg,000097938.jpg
565,381,96,431,38,000014500.jpg,000080621.jpg
565,381,96,431,38,000014500.jpg,000080622.jpg
565,381,96,431,38,000014500.jpg,000097938.jpg
565,926,484,1293,175,000013711.jpg,000080621.jpg
565,926,484,1293,175,000013711.jpg,000080622.jpg
565,926,484,1293,175,000013711.jpg,000097938.jpg
438,2197,1926,1876,1000,000000188.jpg,000050549.jpg
438,2197,1926,1876,1000,000000188.jpg,000050550.jpg
438,2197,1926,1876,1000,000000188.jpg,000097330.jpg
438,1419,827,1431,655,000014436.jpg,000050549.jpg
438,1419,827,1431,655,000014436.jpg,000050550.jpg
438,1419,827,1431,655,000014436.jpg,000097330.jpg
438,247,183,404,100,000011950.jpg,000050549.jpg
438,247,183,404,100,000011950.jpg,000050550.jpg
438,247,183,404,100,000011950.jpg,000097330.jpg
438,165,189,517,75,000011711.jpg,000050549.jpg
438,634,566,945,240,000011711.jpg,000050549.jpg
438,165,189,517,75,000011711.jpg,000050550.jpg
438,634,566,945,240,000011711.jpg,000050550.jpg
438,165,189,517,75,000011711.jpg,000097330.jpg
438,634,566,945,240,000011711.jpg,000097330.jpg
438,369,346,356,203,000011685.jpg,000050549.jpg
438,369,346,356,203,000011685.jpg,000050550.jpg
438,369,346,356,203,000011685.jpg,000097330.jpg
438,394,78,244,31,000013234.jpg,000050549.jpg
438,394,78,244,31,000013234.jpg,000050550.jpg
438,394,78,244,31,000013234.jpg,000097330.jpg
438,1422,899,1956,272,000012897.jpg,000050549.jpg
438,1422,899,1956,272,000012897.jpg,000050550.jpg
438,1422,899,1956,272,000012897.jpg,000097330.jpg
950,1453,903,4371,652,000001397.jpg,000057272.jpg
950,1453,903,4371,652,000001397.jpg,000057273.jpg
950,1453,903,4371,652,000001397.jpg,000057274.jpg
950,1453,903,4371,652,000001397.jpg,000057275.jpg
64,1487,740,1824,127,000004908.jpg,000075314.jpg
64,1487,740,1824,127,000004908.jpg,000075315.jpg
64,1487,740,1824,127,000004908.jpg,000075316.jpg
67,189,147,415,54,000011172.jpg,000054975.jpg
67,189,147,415,54,000011172.jpg,000054977.jpg
67,189,147,415,54,000011172.jpg,000054979.jpg
67,189,147,415,54,000011172.jpg,000054981.jpg
67,315,316,419,177,000012124.jpg,000054975.jpg
67,315,316,419,177,000012124.jpg,000054977.jpg
67,315,316,419,177,000012124.jpg,000054979.jpg
67,315,316,419,177,000012124.jpg,000054981.jpg
67,700,560,1220,295,000010585.jpg,000054975.jpg
67,700,560,1220,295,000010585.jpg,000054977.jpg
67,700,560,1220,295,000010585.jpg,000054979.jpg
67,700,560,1220,295,000010585.jpg,000054981.jpg
67,189,83,205,29,000005976.jpg,000054975.jpg
67,189,83,205,29,000005976.jpg,000054977.jpg
67,189,83,205,29,000005976.jpg,000054979.jpg
67,189,83,205,29,000005976.jpg,000054981.jpg
67,315,52,477,28,000000814.jpg,000054975.jpg
67,315,52,477,28,000000814.jpg,000054977.jpg
67,315,52,477,28,000000814.jpg,000054979.jpg
67,315,52,477,28,000000814.jpg,000054981.jpg
459,626,516,1417,241,000004016.jpg,000074329.jpg
459,626,516,1417,241,000004016.jpg,000074330.jpg
459,2171,553,1114,296,000011317.jpg,000074329.jpg
459,2171,553,1114,296,000011317.jpg,000074330.jpg
460,373,186,534,33,000010702.jpg,000084964.jpg
460,373,186,534,33,000010702.jpg,000084965.jpg
333,1297,325,1507,122,000015117.jpg,000087363.jpg
333,1297,325,1507,122,000015117.jpg,000087364.jpg
206,739,287,844,100,000013473.jpg,000073178.jpg
206,739,287,844,100,000013473.jpg,000073179.jpg
206,739,287,844,100,000013473.jpg,000073180.jpg
206,825,465,1005,135,000003650.jpg,000073178.jpg
206,825,465,1005,135,000003650.jpg,000073179.jpg
206,825,465,1005,135,000003650.jpg,000073180.jpg
206,870,480,1040,190,000003435.jpg,000073178.jpg
206,870,480,1040,190,000003435.jpg,000073179.jpg
206,870,480,1040,190,000003435.jpg,000073180.jpg
847,1592,316,842,86,000004052.jpg,000074252.jpg
847,90,428,1109,150,000004052.jpg,000074252.jpg
847,1592,316,842,86,000004052.jpg,000074253.jpg
847,90,428,1109,150,000004052.jpg,000074253.jpg
847,1592,316,842,86,000004052.jpg,000074254.jpg
847,90,428,1109,150,000004052.jpg,000074254.jpg
847,1592,316,842,86,000004052.jpg,000097727.jpg
847,90,428,1109,150,000004052.jpg,000097727.jpg
81,1170,281,1228,171,000004828.jpg,000077186.jpg
81,3340,1159,1934,268,000004828.jpg,000077186.jpg
81,1170,281,1228,171,000004828.jpg,000077187.jpg
81,3340,1159,1934,268,000004828.jpg,000077187.jpg
81,116,157,326,96,000013136.jpg,000077186.jpg
81,116,157,326,96,000013136.jpg,000077187.jpg
84,23,69,254,52,000004951.jpg,000033221.jpg
84,23,69,254,52,000004951.jpg,000033223.jpg
84,454,187,591,65,000330147.jpg,000033221.jpg
84,454,187,591,65,000330147.jpg,000033223.jpg
84,204,261,366,130,000330453.jpg,000033221.jpg
84,204,261,366,130,000330453.jpg,000033223.jpg
597,810,435,1105,105,000002780.jpg,000020690.jpg
597,810,435,1105,105,000002780.jpg,000020691.jpg
597,810,435,1105,105,000002780.jpg,000020692.jpg
597,810,435,1105,105,000002780.jpg,000020693.jpg
213,340,140,427,26,000001420.jpg,000059680.jpg
213,340,140,427,26,000001420.jpg,000059681.jpg
213,340,140,427,26,000001420.jpg,000097519.jpg
220,342,154,356,48,000003660.jpg,000066688.jpg
220,342,154,356,48,000003660.jpg,000066689.jpg
220,342,154,356,48,000003660.jpg,000066690.jpg
220,342,154,356,48,000003660.jpg,000097446.jpg
220,342,154,356,48,000003660.jpg,000097447.jpg
220,342,154,356,48,000003660.jpg,000097448.jpg
220,810,480,990,170,000006216.jpg,000066688.jpg
220,810,480,990,170,000006216.jpg,000066689.jpg
220,810,480,990,170,000006216.jpg,000066690.jpg
220,810,480,990,170,000006216.jpg,000097446.jpg
220,810,480,990,170,000006216.jpg,000097447.jpg
220,810,480,990,170,000006216.jpg,000097448.jpg
220,1624,614,1918,389,000001258.jpg,000066688.jpg
220,1624,614,1918,389,000001258.jpg,000066689.jpg
220,1624,614,1918,389,000001258.jpg,000066690.jpg
220,1624,614,1918,389,000001258.jpg,000097446.jpg
220,1624,614,1918,389,000001258.jpg,000097447.jpg
220,1624,614,1918,389,000001258.jpg,000097448.jpg
220,180,109,300,74,000011662.jpg,000066688.jpg
220,180,109,300,74,000011662.jpg,000066689.jpg
220,180,109,300,74,000011662.jpg,000066690.jpg
220,180,109,300,74,000011662.jpg,000097446.jpg
220,180,109,300,74,000011662.jpg,000097447.jpg
220,180,109,300,74,000011662.jpg,000097448.jpg
220,60,226,425,79,000006969.jpg,000066688.jpg
220,512,224,431,81,000006969.jpg,000066688.jpg
220,60,226,425,79,000006969.jpg,000066689.jpg
220,512,224,431,81,000006969.jpg,000066689.jpg
220,60,226,425,79,000006969.jpg,000066690.jpg
220,512,224,431,81,000006969.jpg,000066690.jpg
220,60,226,425,79,000006969.jpg,000097446.jpg
220,512,224,431,81,000006969.jpg,000097446.jpg
220,60,226,425,79,000006969.jpg,000097447.jpg
220,512,224,431,81,000006969.jpg,000097447.jpg
220,60,226,425,79,000006969.jpg,000097448.jpg
220,512,224,431,81,000006969.jpg,000097448.jpg
220,60,540,850,278,000010783.jpg,000066688.jpg
220,60,540,850,278,000010783.jpg,000066689.jpg
220,60,540,850,278,000010783.jpg,000066690.jpg
220,60,540,850,278,000010783.jpg,000097446.jpg
220,60,540,850,278,000010783.jpg,000097447.jpg
220,60,540,850,278,000010783.jpg,000097448.jpg
220,593,78,227,45,000006657.jpg,000066688.jpg
220,593,78,227,45,000006657.jpg,000066689.jpg
220,593,78,227,45,000006657.jpg,000066690.jpg
220,593,78,227,45,000006657.jpg,000097446.jpg
220,593,78,227,45,000006657.jpg,000097447.jpg
220,593,78,227,45,000006657.jpg,000097448.jpg
608,204,83,585,50,000004787.jpg,000065723.jpg
608,204,83,585,50,000004787.jpg,000065724.jpg
608,204,83,585,50,000004787.jpg,000065725.jpg
608,204,83,585,50,000004787.jpg,000065726.jpg
608,528,135,711,57,000006159.jpg,000065723.jpg
608,78,525,144,231,000006159.jpg,000065723.jpg
608,528,135,711,57,000006159.jpg,000065724.jpg
608,78,525,144,231,000006159.jpg,000065724.jpg
608,528,135,711,57,000006159.jpg,000065725.jpg
608,78,525,144,231,000006159.jpg,000065725.jpg
608,528,135,711,57,000006159.jpg,000065726.jpg
608,78,525,144,231,000006159.jpg,000065726.jpg
608,873,654,1980,105,000012745.jpg,000065723.jpg
608,873,654,1980,105,000012745.jpg,000065724.jpg
608,873,654,1980,105,000012745.jpg,000065725.jpg
608,873,654,1980,105,000012745.jpg,000065726.jpg
608,97,135,431,47,000015775.jpg,000065723.jpg
608,97,135,431,47,000015775.jpg,000065724.jpg
608,97,135,431,47,000015775.jpg,000065725.jpg
608,97,135,431,47,000015775.jpg,000065726.jpg
608,800,390,1295,110,000008647.jpg,000065723.jpg
608,800,390,1295,110,000008647.jpg,000065724.jpg
608,800,390,1295,110,000008647.jpg,000065725.jpg
608,800,390,1295,110,000008647.jpg,000065726.jpg
608,195,132,165,85,000013966.jpg,000065723.jpg
608,195,132,165,85,000013966.jpg,000065724.jpg
608,195,132,165,85,000013966.jpg,000065725.jpg
608,195,132,165,85,000013966.jpg,000065726.jpg
608,1390,650,1959,100,000000908.jpg,000065723.jpg
608,1390,650,1959,100,000000908.jpg,000065724.jpg
608,1390,650,1959,100,000000908.jpg,000065725.jpg
608,1390,650,1959,100,000000908.jpg,000065726.jpg
737,239,141,233,69,000010886.jpg,000047212.jpg
737,239,141,233,69,000010886.jpg,000047213.jpg
737,239,141,233,69,000010886.jpg,000047214.jpg
232,174,108,539,52,000007509.jpg,000081173.jpg
232,174,108,539,52,000007509.jpg,000081174.jpg
877,234,113,357,71,000015568.jpg,000070593.jpg
877,234,113,357,71,000015568.jpg,000070594.jpg
877,234,113,357,71,000015568.jpg,000070595.jpg
877,234,113,357,71,000015568.jpg,000070596.jpg
877,234,113,357,71,000015568.jpg,000097478.jpg
877,462,104,338,43,000013347.jpg,000070593.jpg
877,462,104,338,43,000013347.jpg,000070594.jpg
877,462,104,338,43,000013347.jpg,000070595.jpg
877,462,104,338,43,000013347.jpg,000070596.jpg
877,462,104,338,43,000013347.jpg,000097478.jpg
877,309,210,343,105,000329923.jpg,000070593.jpg
877,309,210,343,105,000329923.jpg,000070594.jpg
877,309,210,343,105,000329923.jpg,000070595.jpg
877,309,210,343,105,000329923.jpg,000070596.jpg
877,309,210,343,105,000329923.jpg,000097478.jpg
877,286,108,451,36,000329834.jpg,000070593.jpg
877,286,108,451,36,000329834.jpg,000070594.jpg
877,286,108,451,36,000329834.jpg,000070595.jpg
877,286,108,451,36,000329834.jpg,000070596.jpg
877,286,108,451,36,000329834.jpg,000097478.jpg
877,301,155,375,53,000329864.jpg,000070593.jpg
877,301,155,375,53,000329864.jpg,000070594.jpg
877,301,155,375,53,000329864.jpg,000070595.jpg
877,301,155,375,53,000329864.jpg,000070596.jpg
877,301,155,375,53,000329864.jpg,000097478.jpg
877,181,155,350,80,000015276.jpg,000070593.jpg
877,181,155,350,80,000015276.jpg,000070594.jpg
877,181,155,350,80,000015276.jpg,000070595.jpg
877,181,155,350,80,000015276.jpg,000070596.jpg
877,181,155,350,80,000015276.jpg,000097478.jpg
877,206,48,325,31,000017068.jpg,000070593.jpg
877,206,48,325,31,000017068.jpg,000070594.jpg
877,206,48,325,31,000017068.jpg,000070595.jpg
877,206,48,325,31,000017068.jpg,000070596.jpg
877,206,48,325,31,000017068.jpg,000097478.jpg
877,657,244,581,100,000012555.jpg,000070593.jpg
877,657,244,581,100,000012555.jpg,000070594.jpg
877,657,244,581,100,000012555.jpg,000070595.jpg
877,657,244,581,100,000012555.jpg,000070596.jpg
877,657,244,581,100,000012555.jpg,000097478.jpg
877,250,95,188,37,000013312.jpg,000070593.jpg
877,250,95,188,37,000013312.jpg,000070594.jpg
877,250,95,188,37,000013312.jpg,000070595.jpg
877,250,95,188,37,000013312.jpg,000070596.jpg
877,250,95,188,37,000013312.jpg,000097478.jpg
877,202,111,368,33,000014557.jpg,000070593.jpg
877,202,111,368,33,000014557.jpg,000070594.jpg
877,202,111,368,33,000014557.jpg,000070595.jpg
877,202,111,368,33,000014557.jpg,000070596.jpg
877,202,111,368,33,000014557.jpg,000097478.jpg
877,897,601,1387,170,000001873.jpg,000070593.jpg
877,897,601,1387,170,000001873.jpg,000070594.jpg
877,897,601,1387,170,000001873.jpg,000070595.jpg
877,897,601,1387,170,000001873.jpg,000070596.jpg
877,897,601,1387,170,000001873.jpg,000097478.jpg
877,166,90,508,84,000004707.jpg,000070593.jpg
877,166,90,508,84,000004707.jpg,000070594.jpg
877,166,90,508,84,000004707.jpg,000070595.jpg
877,166,90,508,84,000004707.jpg,000070596.jpg
877,166,90,508,84,000004707.jpg,000097478.jpg
508,172,108,245,47,000012038.jpg,000029276.jpg
508,172,108,245,47,000012038.jpg,000029277.jpg
508,1261,224,1203,198,000017722.jpg,000029276.jpg
508,1280,154,263,85,000017722.jpg,000029276.jpg
508,106,202,288,33,000017722.jpg,000029276.jpg
508,522,176,241,74,000017722.jpg,000029276.jpg
508,896,176,296,52,000017722.jpg,000029276.jpg
508,1261,224,1203,198,000017722.jpg,000029277.jpg
508,1280,154,263,85,000017722.jpg,000029277.jpg
508,106,202,288,33,000017722.jpg,000029277.jpg
508,522,176,241,74,000017722.jpg,000029277.jpg
508,896,176,296,52,000017722.jpg,000029277.jpg
112,253,113,433,39,000000335.jpg,000052393.jpg
112,253,113,433,39,000000335.jpg,000052394.jpg
112,253,113,433,39,000000335.jpg,000052395.jpg
112,226,159,328,59,000013376.jpg,000052393.jpg
112,226,159,328,59,000013376.jpg,000052394.jpg
112,226,159,328,59,000013376.jpg,000052395.jpg
112,106,108,453,26,000005317.jpg,000052393.jpg
112,106,108,453,26,000005317.jpg,000052394.jpg
112,106,108,453,26,000005317.jpg,000052395.jpg
112,685,560,950,165,000012106.jpg,000052393.jpg
112,685,560,950,165,000012106.jpg,000052394.jpg
112,685,560,950,165,000012106.jpg,000052395.jpg
112,1404,1170,2087,497,000004267.jpg,000052393.jpg
112,1404,1170,2087,497,000004267.jpg,000052394.jpg
112,1404,1170,2087,497,000004267.jpg,000052395.jpg
113,821,712,1194,257,000010049.jpg,000065764.jpg
113,821,712,1194,257,000010049.jpg,000065765.jpg
113,1078,406,1581,245,000001885.jpg,000065764.jpg
113,387,231,848,148,000001885.jpg,000065764.jpg
113,1078,406,1581,245,000001885.jpg,000065765.jpg
113,387,231,848,148,000001885.jpg,000065765.jpg
113,597,850,1483,324,000004131.jpg,000065764.jpg
113,597,850,1483,324,000004131.jpg,000065765.jpg
113,162,112,205,22,000001861.jpg,000065764.jpg
113,162,112,205,22,000001861.jpg,000065765.jpg
113,151,111,235,21,000002478.jpg,000065764.jpg
113,151,111,235,21,000002478.jpg,000065765.jpg
113,798,286,938,123,000005704.jpg,000065764.jpg
113,798,286,938,123,000005704.jpg,000065765.jpg
113,200,103,209,58,000000917.jpg,000065764.jpg
113,200,103,209,58,000000917.jpg,000065765.jpg
113,226,492,632,179,000015263.jpg,000065764.jpg
113,226,492,632,179,000015263.jpg,000065765.jpg
113,107,153,225,63,000001010.jpg,000065764.jpg
113,107,153,225,63,000001010.jpg,000065765.jpg
113,676,578,1527,187,000013901.jpg,000065764.jpg
113,676,578,1527,187,000013901.jpg,000065765.jpg
245,730,450,1035,125,000002855.jpg,000071619.jpg
245,730,450,1035,125,000002855.jpg,000071620.jpg
245,730,450,1035,125,000002855.jpg,000071621.jpg
245,730,450,1035,125,000002855.jpg,000071622.jpg
632,875,375,1000,85,000014533.jpg,000069051.jpg
632,875,375,1000,85,000014533.jpg,000069053.jpg
632,875,375,1000,85,000014533.jpg,000069054.jpg
632,875,375,1000,85,000014533.jpg,000069055.jpg
632,61,151,216,66,000001600.jpg,000069051.jpg
632,61,151,216,66,000001600.jpg,000069053.jpg
632,61,151,216,66,000001600.jpg,000069054.jpg
632,61,151,216,66,000001600.jpg,000069055.jpg
889,319,408,568,238,000013704.jpg,000086513.jpg
889,319,408,568,238,000013704.jpg,000086514.jpg
889,319,408,568,238,000013704.jpg,000086515.jpg
889,1049,414,903,100,000018209.jpg,000086513.jpg
889,1049,414,903,100,000018209.jpg,000086514.jpg
889,1049,414,903,100,000018209.jpg,000086515.jpg
889,436,158,416,20,000016571.jpg,000086513.jpg
889,436,158,416,20,000016571.jpg,000086514.jpg
889,436,158,416,20,000016571.jpg,000086515.jpg
889,402,255,609,44,000014172.jpg,000086513.jpg
889,402,255,609,44,000014172.jpg,000086514.jpg
889,402,255,609,44,000014172.jpg,000086515.jpg
636,835,465,1020,80,000003657.jpg,000023406.jpg
636,835,465,1020,80,000003657.jpg,000023407.jpg
636,835,465,1020,80,000003657.jpg,000023408.jpg
636,835,465,1020,80,000003657.jpg,000023409.jpg
636,188,94,223,19,000013243.jpg,000023406.jpg
636,188,94,223,19,000013243.jpg,000023407.jpg
636,188,94,223,19,000013243.jpg,000023408.jpg
636,188,94,223,19,000013243.jpg,000023409.jpg
