id,left,width,top,height,cons_path,shop_path
515,197,214,128,131,000013774.jpg,000047705.jpg
515,189,248,117,155,000013774.jpg,000047705.jpg
515,197,214,128,131,000013774.jpg,000047706.jpg
515,189,248,117,155,000013774.jpg,000047706.jpg
515,327,423,219,285,000012654.jpg,000047705.jpg
515,348,414,219,285,000012654.jpg,000047705.jpg
515,327,423,219,285,000012654.jpg,000047706.jpg
515,348,414,219,285,000012654.jpg,000047706.jpg
515,775,473,582,368,000098583.jpg,000047705.jpg
515,775,461,600,327,000098583.jpg,000047705.jpg
515,775,473,582,368,000098583.jpg,000047706.jpg
515,775,461,600,327,000098583.jpg,000047706.jpg
515,608,263,635,235,000011855.jpg,000047705.jpg
515,562,332,612,226,000011855.jpg,000047705.jpg
515,608,263,635,235,000011855.jpg,000047706.jpg
515,562,332,612,226,000011855.jpg,000047706.jpg
1528,256,71,3,68,000016228.jpg,000058289.jpg
1528,257,103,13,64,000016228.jpg,000058289.jpg
1528,256,71,3,68,000016228.jpg,000058291.jpg
1528,257,103,13,64,000016228.jpg,000058291.jpg
1528,189,93,36,49,000001614.jpg,000058289.jpg
1528,192,79,34,44,000001614.jpg,000058289.jpg
1528,189,93,36,49,000001614.jpg,000058291.jpg
1528,192,79,34,44,000001614.jpg,000058291.jpg
530,1078,653,821,321,000001415.jpg,000068244.jpg
530,1031,665,792,356,000001415.jpg,000068244.jpg
530,1078,653,821,321,000001415.jpg,000068245.jpg
530,1031,665,792,356,000001415.jpg,000068245.jpg
1555,674,115,454,140,000017289.jpg,000054921.jpg
1555,658,165,464,119,000017289.jpg,000054921.jpg
1555,674,115,454,140,000017289.jpg,000054922.jpg
1555,658,165,464,119,000017289.jpg,000054922.jpg
1555,102,133,77,92,000017630.jpg,000054921.jpg
1555,68,156,70,106,000017630.jpg,000054921.jpg
1555,411,136,76,113,000017630.jpg,000054921.jpg
1555,391,148,86,128,000017630.jpg,000054921.jpg
1555,102,133,77,92,000017630.jpg,000054922.jpg
1555,68,156,70,106,000017630.jpg,000054922.jpg
1555,411,136,76,113,000017630.jpg,000054922.jpg
1555,391,148,86,128,000017630.jpg,000054922.jpg
1555,175,210,97,166,000002434.jpg,000054921.jpg
1555,190,242,146,59,000002434.jpg,000054921.jpg
1555,724,205,107,135,000002434.jpg,000054921.jpg
1555,175,210,97,166,000002434.jpg,000054922.jpg
1555,190,242,146,59,000002434.jpg,000054922.jpg
1555,724,205,107,135,000002434.jpg,000054922.jpg
1555,108,132,308,71,000007616.jpg,000054921.jpg
1555,120,112,320,58,000007616.jpg,000054921.jpg
1555,108,132,308,71,000007616.jpg,000054922.jpg
1555,120,112,320,58,000007616.jpg,000054922.jpg
1555,411,282,355,178,000001123.jpg,000054921.jpg
1555,437,234,355,152,000001123.jpg,000054921.jpg
1555,411,282,355,178,000001123.jpg,000054922.jpg
1555,437,234,355,152,000001123.jpg,000054922.jpg
1555,255,250,232,118,000008717.jpg,000054921.jpg
1555,329,145,235,130,000008717.jpg,000054921.jpg
1555,255,250,232,118,000008717.jpg,000054922.jpg
1555,329,145,235,130,000008717.jpg,000054922.jpg
1555,208,227,132,168,000007754.jpg,000054921.jpg
1555,184,274,93,159,000007754.jpg,000054921.jpg
1555,208,227,132,168,000007754.jpg,000054922.jpg
1555,184,274,93,159,000007754.jpg,000054922.jpg
1555,75,61,229,38,000001422.jpg,000054921.jpg
1555,66,65,212,60,000001422.jpg,000054921.jpg
1555,75,61,229,38,000001422.jpg,000054922.jpg
1555,66,65,212,60,000001422.jpg,000054922.jpg
1555,260,261,297,160,000015759.jpg,000054921.jpg
1555,274,250,278,202,000015759.jpg,000054921.jpg
1555,260,261,297,160,000015759.jpg,000054922.jpg
1555,274,250,278,202,000015759.jpg,000054922.jpg
1555,1755,856,1195,505,000010084.jpg,000054921.jpg
1555,1974,681,1338,428,000010084.jpg,000054921.jpg
1555,1755,856,1195,505,000010084.jpg,000054922.jpg
1555,1974,681,1338,428,000010084.jpg,000054922.jpg
1555,676,862,705,616,000008360.jpg,000054921.jpg
1555,802,862,749,661,000008360.jpg,000054921.jpg
1555,676,862,705,616,000008360.jpg,000054922.jpg
1555,802,862,749,661,000008360.jpg,000054922.jpg
1555,326,185,46,127,000004432.jpg,000054921.jpg
1555,343,202,30,187,000004432.jpg,000054921.jpg
1555,326,185,46,127,000004432.jpg,000054922.jpg
1555,343,202,30,187,000004432.jpg,000054922.jpg
1555,444,103,109,65,000000812.jpg,000054921.jpg
1555,456,81,103,63,000000812.jpg,000054921.jpg
1555,444,103,109,65,000000812.jpg,000054922.jpg
1555,456,81,103,63,000000812.jpg,000054922.jpg
1044,169,130,8,94,000008054.jpg,000081979.jpg
1044,177,98,13,84,000008054.jpg,000081979.jpg
1044,169,130,8,94,000008054.jpg,000081980.jpg
1044,177,98,13,84,000008054.jpg,000081980.jpg
24,231,112,0,72,000014053.jpg,000089697.jpg
24,247,115,10,61,000014053.jpg,000089697.jpg
24,231,112,0,72,000014053.jpg,000089698.jpg
24,247,115,10,61,000014053.jpg,000089698.jpg
538,258,185,119,142,000017580.jpg,000055309.jpg
538,263,214,108,185,000017580.jpg,000055309.jpg
538,258,185,119,142,000017580.jpg,000055310.jpg
538,263,214,108,185,000017580.jpg,000055310.jpg
1566,817,652,234,520,000013355.jpg,000054357.jpg
1566,777,658,148,566,000013355.jpg,000054357.jpg
1566,817,652,234,520,000013355.jpg,000054358.jpg
1566,777,658,148,566,000013355.jpg,000054358.jpg
554,156,377,0,301,000003846.jpg,000023959.jpg
554,156,375,39,264,000003846.jpg,000023959.jpg
554,156,377,0,301,000003846.jpg,000023960.jpg
554,156,375,39,264,000003846.jpg,000023960.jpg
554,125,197,87,140,000003639.jpg,000023959.jpg
554,116,239,97,131,000003639.jpg,000023959.jpg
554,125,197,87,140,000003639.jpg,000023960.jpg
554,116,239,97,131,000003639.jpg,000023960.jpg
45,488,211,483,141,000330022.jpg,000038896.jpg
45,466,234,464,176,000330022.jpg,000038896.jpg
45,488,211,483,141,000330022.jpg,000038897.jpg
45,466,234,464,176,000330022.jpg,000038897.jpg
1071,191,99,165,80,000001640.jpg,000068234.jpg
1071,187,104,175,81,000001640.jpg,000068234.jpg
1071,191,99,165,80,000001640.jpg,000068236.jpg
1071,187,104,175,81,000001640.jpg,000068236.jpg
1072,950,473,466,362,000016533.jpg,000088456.jpg
1072,856,682,378,420,000016533.jpg,000088456.jpg
1072,950,473,466,362,000016533.jpg,000088457.jpg
1072,856,682,378,420,000016533.jpg,000088457.jpg
1072,950,473,466,362,000016533.jpg,000088458.jpg
1072,856,682,378,420,000016533.jpg,000088458.jpg
55,1004,552,119,483,000003106.jpg,000073000.jpg
55,914,612,109,518,000003106.jpg,000073000.jpg
55,1004,552,119,483,000003106.jpg,000073002.jpg
55,914,612,109,518,000003106.jpg,000073002.jpg
568,396,140,108,112,000007492.jpg,000081178.jpg
568,412,119,120,101,000007492.jpg,000081178.jpg
568,396,140,108,112,000007492.jpg,000081179.jpg
568,412,119,120,101,000007492.jpg,000081179.jpg
1599,745,730,285,600,000002467.jpg,000070211.jpg
1599,585,905,225,605,000002467.jpg,000070211.jpg
1599,745,730,285,600,000002467.jpg,000070212.jpg
1599,585,905,225,605,000002467.jpg,000070212.jpg
1599,745,730,285,600,000002467.jpg,000070213.jpg
1599,585,905,225,605,000002467.jpg,000070213.jpg
1599,745,730,285,600,000002467.jpg,000070214.jpg
1599,585,905,225,605,000002467.jpg,000070214.jpg
1599,129,167,100,123,000005593.jpg,000070211.jpg
1599,139,145,105,107,000005593.jpg,000070211.jpg
1599,129,167,100,123,000005593.jpg,000070212.jpg
1599,139,145,105,107,000005593.jpg,000070212.jpg
1599,129,167,100,123,000005593.jpg,000070213.jpg
1599,139,145,105,107,000005593.jpg,000070213.jpg
1599,129,167,100,123,000005593.jpg,000070214.jpg
1599,139,145,105,107,000005593.jpg,000070214.jpg
69,108,309,106,209,000015544.jpg,000061467.jpg
69,91,327,117,194,000015544.jpg,000061467.jpg
69,108,309,106,209,000015544.jpg,000061468.jpg
69,91,327,117,194,000015544.jpg,000061468.jpg
582,254,164,108,103,000016887.jpg,000090607.jpg
582,245,174,130,100,000016887.jpg,000090607.jpg
582,254,164,108,103,000016887.jpg,000090608.jpg
582,245,174,130,100,000016887.jpg,000090608.jpg
1629,1540,1000,4080,870,000011408.jpg,000085431.jpg
1629,1510,960,4110,990,000011408.jpg,000085431.jpg
1629,1540,1000,4080,870,000011408.jpg,000085432.jpg
1629,1510,960,4110,990,000011408.jpg,000085432.jpg
1629,361,322,333,280,000017015.jpg,000085431.jpg
1629,335,373,349,211,000017015.jpg,000085431.jpg
1629,361,322,333,280,000017015.jpg,000085432.jpg
1629,335,373,349,211,000017015.jpg,000085432.jpg
1126,413,840,11,414,000013075.jpg,000051864.jpg
1126,507,799,29,403,000013075.jpg,000051864.jpg
1126,413,840,11,414,000013075.jpg,000051865.jpg
1126,507,799,29,403,000013075.jpg,000051865.jpg
624,950,570,1810,645,000007085.jpg,000080387.jpg
624,940,625,1840,605,000007085.jpg,000080387.jpg
624,950,570,1810,645,000007085.jpg,000080389.jpg
624,940,625,1840,605,000007085.jpg,000080389.jpg
624,950,570,1810,645,000007085.jpg,000080390.jpg
624,940,625,1840,605,000007085.jpg,000080390.jpg
624,950,570,1810,645,000007085.jpg,000080391.jpg
624,940,625,1840,605,000007085.jpg,000080391.jpg
624,950,570,1810,645,000007085.jpg,000080392.jpg
624,940,625,1840,605,000007085.jpg,000080392.jpg
624,950,570,1810,645,000007085.jpg,000097841.jpg
624,940,625,1840,605,000007085.jpg,000097841.jpg
624,34,926,269,526,000011030.jpg,000080387.jpg
624,20,938,253,535,000011030.jpg,000080387.jpg
624,34,926,269,526,000011030.jpg,000080389.jpg
624,20,938,253,535,000011030.jpg,000080389.jpg
624,34,926,269,526,000011030.jpg,000080390.jpg
624,20,938,253,535,000011030.jpg,000080390.jpg
624,34,926,269,526,000011030.jpg,000080391.jpg
624,20,938,253,535,000011030.jpg,000080391.jpg
624,34,926,269,526,000011030.jpg,000080392.jpg
624,20,938,253,535,000011030.jpg,000080392.jpg
624,34,926,269,526,000011030.jpg,000097841.jpg
624,20,938,253,535,000011030.jpg,000097841.jpg
624,38,183,312,189,000007850.jpg,000080387.jpg
624,58,165,321,175,000007850.jpg,000080387.jpg
624,38,183,312,189,000007850.jpg,000080389.jpg
624,58,165,321,175,000007850.jpg,000080389.jpg
624,38,183,312,189,000007850.jpg,000080390.jpg
624,58,165,321,175,000007850.jpg,000080390.jpg
624,38,183,312,189,000007850.jpg,000080391.jpg
624,58,165,321,175,000007850.jpg,000080391.jpg
624,38,183,312,189,000007850.jpg,000080392.jpg
624,58,165,321,175,000007850.jpg,000080392.jpg
624,38,183,312,189,000007850.jpg,000097841.jpg
624,58,165,321,175,000007850.jpg,000097841.jpg
117,125,140,16,100,000015305.jpg,000049862.jpg
117,111,165,0,86,000015305.jpg,000049862.jpg
117,125,140,16,100,000015305.jpg,000049863.jpg
117,111,165,0,86,000015305.jpg,000049863.jpg
629,170,64,183,56,000008416.jpg,000083677.jpg
629,159,75,169,70,000008416.jpg,000083677.jpg
629,170,64,183,56,000008416.jpg,000083678.jpg
629,159,75,169,70,000008416.jpg,000083678.jpg
629,170,64,183,56,000008416.jpg,000083679.jpg
629,159,75,169,70,000008416.jpg,000083679.jpg
1655,130,87,397,40,000006988.jpg,000033841.jpg
1655,100,89,412,6,000006988.jpg,000033841.jpg
1655,186,10,416,6,000006988.jpg,000033841.jpg
1655,130,87,397,40,000006988.jpg,000033842.jpg
1655,100,89,412,6,000006988.jpg,000033842.jpg
1655,186,10,416,6,000006988.jpg,000033842.jpg
1655,582,542,22,295,000015992.jpg,000033841.jpg
1655,645,456,22,349,000015992.jpg,000033841.jpg
1655,582,542,22,295,000015992.jpg,000033842.jpg
1655,645,456,22,349,000015992.jpg,000033842.jpg
1655,2012,936,589,693,000009202.jpg,000033841.jpg
1655,1806,1124,458,1039,000009202.jpg,000033841.jpg
1655,2012,936,589,693,000009202.jpg,000033842.jpg
1655,1806,1124,458,1039,000009202.jpg,000033842.jpg
1655,85,137,19,129,000008832.jpg,000033841.jpg
1655,113,102,44,103,000008832.jpg,000033841.jpg
1655,85,137,19,129,000008832.jpg,000033842.jpg
1655,113,102,44,103,000008832.jpg,000033842.jpg
1655,442,438,274,539,000016169.jpg,000033841.jpg
1655,452,448,364,434,000016169.jpg,000033841.jpg
1655,442,438,274,539,000016169.jpg,000033842.jpg
1655,452,448,364,434,000016169.jpg,000033842.jpg
635,1219,633,45,654,000008556.jpg,000049408.jpg
635,1294,716,45,482,000008556.jpg,000049408.jpg
635,1219,633,45,654,000008556.jpg,000049409.jpg
635,1294,716,45,482,000008556.jpg,000049409.jpg
1162,152,191,108,125,000098612.jpg,000100536.jpg
1162,158,143,131,103,000098612.jpg,000100536.jpg
1162,152,191,108,125,000098612.jpg,000100537.jpg
1162,158,143,131,103,000098612.jpg,000100537.jpg
143,559,279,459,155,000011604.jpg,000058290.jpg
143,526,312,442,172,000011604.jpg,000058290.jpg
143,559,279,459,155,000011604.jpg,000058292.jpg
143,526,312,442,172,000011604.jpg,000058292.jpg
143,350,635,250,385,000014953.jpg,000058290.jpg
143,435,590,280,400,000014953.jpg,000058290.jpg
143,350,635,250,385,000014953.jpg,000058292.jpg
143,435,590,280,400,000014953.jpg,000058292.jpg
143,184,114,40,92,000001594.jpg,000058290.jpg
143,183,127,35,98,000001594.jpg,000058290.jpg
143,184,114,40,92,000001594.jpg,000058292.jpg
143,183,127,35,98,000001594.jpg,000058292.jpg
1683,69,499,163,432,000007065.jpg,000081670.jpg
1683,64,484,206,362,000007065.jpg,000081670.jpg
1683,69,499,163,432,000007065.jpg,000081671.jpg
1683,64,484,206,362,000007065.jpg,000081671.jpg
1683,69,499,163,432,000007065.jpg,000081672.jpg
1683,64,484,206,362,000007065.jpg,000081672.jpg
1683,157,195,82,180,000008256.jpg,000081670.jpg
1683,577,572,42,660,000008256.jpg,000081670.jpg
1683,600,566,25,695,000008256.jpg,000081670.jpg
1683,148,186,77,206,000008256.jpg,000081670.jpg
1683,157,195,82,180,000008256.jpg,000081671.jpg
1683,577,572,42,660,000008256.jpg,000081671.jpg
1683,600,566,25,695,000008256.jpg,000081671.jpg
1683,148,186,77,206,000008256.jpg,000081671.jpg
1683,157,195,82,180,000008256.jpg,000081672.jpg
1683,577,572,42,660,000008256.jpg,000081672.jpg
1683,600,566,25,695,000008256.jpg,000081672.jpg
1683,148,186,77,206,000008256.jpg,000081672.jpg
1687,1192,631,440,830,000003946.jpg,000068924.jpg
1687,1235,597,354,510,000003946.jpg,000068924.jpg
1687,1788,35,924,337,000003946.jpg,000068924.jpg
1687,1192,631,440,830,000003946.jpg,000068925.jpg
1687,1235,597,354,510,000003946.jpg,000068925.jpg
1687,1788,35,924,337,000003946.jpg,000068925.jpg
1687,1192,631,440,830,000003946.jpg,000068926.jpg
1687,1235,597,354,510,000003946.jpg,000068926.jpg
1687,1788,35,924,337,000003946.jpg,000068926.jpg
1687,101,127,13,88,000008303.jpg,000068924.jpg
1687,150,88,7,96,000008303.jpg,000068924.jpg
1687,101,127,13,88,000008303.jpg,000068925.jpg
1687,150,88,7,96,000008303.jpg,000068925.jpg
1687,101,127,13,88,000008303.jpg,000068926.jpg
1687,150,88,7,96,000008303.jpg,000068926.jpg
1687,374,250,456,370,000002303.jpg,000068924.jpg
1687,401,147,489,272,000002303.jpg,000068924.jpg
1687,374,250,456,370,000002303.jpg,000068925.jpg
1687,401,147,489,272,000002303.jpg,000068925.jpg
1687,374,250,456,370,000002303.jpg,000068926.jpg
1687,401,147,489,272,000002303.jpg,000068926.jpg
1687,1002,408,419,379,000001827.jpg,000068924.jpg
1687,1025,414,425,432,000001827.jpg,000068924.jpg
1687,1002,408,419,379,000001827.jpg,000068925.jpg
1687,1025,414,425,432,000001827.jpg,000068925.jpg
1687,1002,408,419,379,000001827.jpg,000068926.jpg
1687,1025,414,425,432,000001827.jpg,000068926.jpg
163,1090,589,964,423,000013210.jpg,000074392.jpg
163,1157,536,998,376,000013210.jpg,000074392.jpg
163,1090,589,964,423,000013210.jpg,000074393.jpg
163,1157,536,998,376,000013210.jpg,000074393.jpg
163,1025,543,507,548,000006759.jpg,000074392.jpg
163,1043,589,530,531,000006759.jpg,000074392.jpg
163,1025,543,507,548,000006759.jpg,000074393.jpg
163,1043,589,530,531,000006759.jpg,000074393.jpg
163,244,88,101,68,000004189.jpg,000074392.jpg
163,235,96,76,93,000004189.jpg,000074392.jpg
163,244,88,101,68,000004189.jpg,000074393.jpg
163,235,96,76,93,000004189.jpg,000074393.jpg
683,595,161,6,124,000003403.jpg,000065066.jpg
683,582,192,4,135,000003403.jpg,000065066.jpg
683,595,161,6,124,000003403.jpg,000065067.jpg
683,582,192,4,135,000003403.jpg,000065067.jpg
683,595,161,6,124,000003403.jpg,000065068.jpg
683,582,192,4,135,000003403.jpg,000065068.jpg
683,450,200,339,180,000005373.jpg,000065066.jpg
683,475,137,361,126,000005373.jpg,000065066.jpg
683,450,200,339,180,000005373.jpg,000065067.jpg
683,475,137,361,126,000005373.jpg,000065067.jpg
683,450,200,339,180,000005373.jpg,000065068.jpg
683,475,137,361,126,000005373.jpg,000065068.jpg
683,808,381,637,194,000000511.jpg,000065066.jpg
683,793,402,616,319,000000511.jpg,000065066.jpg
683,808,381,637,194,000000511.jpg,000065067.jpg
683,793,402,616,319,000000511.jpg,000065067.jpg
683,808,381,637,194,000000511.jpg,000065068.jpg
683,793,402,616,319,000000511.jpg,000065068.jpg
1196,347,159,17,96,000008494.jpg,000083753.jpg
1196,330,190,15,129,000008494.jpg,000083753.jpg
1196,347,159,17,96,000008494.jpg,000083754.jpg
1196,330,190,15,129,000008494.jpg,000083754.jpg
1196,347,159,17,96,000008494.jpg,000083755.jpg
1196,330,190,15,129,000008494.jpg,000083755.jpg
687,500,505,55,335,000003238.jpg,000073311.jpg
687,495,510,100,285,000003238.jpg,000073311.jpg
687,500,505,55,335,000003238.jpg,000073312.jpg
687,495,510,100,285,000003238.jpg,000073312.jpg
687,500,505,55,335,000003238.jpg,000073313.jpg
687,495,510,100,285,000003238.jpg,000073313.jpg
689,409,214,1,189,000006174.jpg,000031169.jpg
689,406,214,1,192,000006174.jpg,000031169.jpg
689,409,214,1,189,000006174.jpg,000031170.jpg
689,406,214,1,192,000006174.jpg,000031170.jpg
692,507,414,442,245,000012890.jpg,000051068.jpg
692,378,578,367,397,000012890.jpg,000051068.jpg
692,507,414,442,245,000012890.jpg,000051069.jpg
692,378,578,367,397,000012890.jpg,000051069.jpg
692,507,414,442,245,000012890.jpg,000051070.jpg
692,378,578,367,397,000012890.jpg,000051070.jpg
1205,1363,762,792,452,000014976.jpg,000049848.jpg
1205,1182,1113,822,572,000014976.jpg,000049848.jpg
1205,1363,762,792,452,000014976.jpg,000049849.jpg
1205,1182,1113,822,572,000014976.jpg,000049849.jpg
1205,244,182,122,120,000330006.jpg,000049848.jpg
1205,273,156,135,123,000330006.jpg,000049848.jpg
1205,244,182,122,120,000330006.jpg,000049849.jpg
1205,273,156,135,123,000330006.jpg,000049849.jpg
1205,1223,1143,250,552,000010238.jpg,000049848.jpg
1205,1413,893,310,412,000010238.jpg,000049848.jpg
1205,1223,1143,250,552,000010238.jpg,000049849.jpg
1205,1413,893,310,412,000010238.jpg,000049849.jpg
1723,180,117,318,87,000098654.jpg,000100563.jpg
1723,169,122,300,103,000098654.jpg,000100563.jpg
1723,180,117,318,87,000098654.jpg,000100564.jpg
1723,169,122,300,103,000098654.jpg,000100564.jpg
1723,180,117,318,87,000098654.jpg,000100565.jpg
1723,169,122,300,103,000098654.jpg,000100565.jpg
1723,180,117,318,87,000098654.jpg,000100566.jpg
1723,169,122,300,103,000098654.jpg,000100566.jpg
1212,394,357,76,265,000014312.jpg,000049556.jpg
1212,371,416,70,267,000014312.jpg,000049556.jpg
1212,394,357,76,265,000014312.jpg,000049557.jpg
1212,371,416,70,267,000014312.jpg,000049557.jpg
1212,197,175,14,115,000014177.jpg,000049556.jpg
1212,215,166,0,133,000014177.jpg,000049556.jpg
1212,197,175,14,115,000014177.jpg,000049557.jpg
1212,215,166,0,133,000014177.jpg,000049557.jpg
191,315,242,126,200,000011176.jpg,000071331.jpg
191,293,259,126,172,000011176.jpg,000071331.jpg
191,315,242,126,200,000011176.jpg,000071332.jpg
191,293,259,126,172,000011176.jpg,000071332.jpg
191,315,242,126,200,000011176.jpg,000071333.jpg
191,293,259,126,172,000011176.jpg,000071333.jpg
191,315,242,126,200,000011176.jpg,000071334.jpg
191,293,259,126,172,000011176.jpg,000071334.jpg
191,315,242,126,200,000011176.jpg,000071335.jpg
191,293,259,126,172,000011176.jpg,000071335.jpg
191,1790,591,95,486,000007793.jpg,000071331.jpg
191,1685,820,104,610,000007793.jpg,000071331.jpg
191,1790,591,95,486,000007793.jpg,000071332.jpg
191,1685,820,104,610,000007793.jpg,000071332.jpg
191,1790,591,95,486,000007793.jpg,000071333.jpg
191,1685,820,104,610,000007793.jpg,000071333.jpg
191,1790,591,95,486,000007793.jpg,000071334.jpg
191,1685,820,104,610,000007793.jpg,000071334.jpg
191,1790,591,95,486,000007793.jpg,000071335.jpg
191,1685,820,104,610,000007793.jpg,000071335.jpg
191,170,161,15,84,000002813.jpg,000071331.jpg
191,185,117,15,87,000002813.jpg,000071331.jpg
191,170,161,15,84,000002813.jpg,000071332.jpg
191,185,117,15,87,000002813.jpg,000071332.jpg
191,170,161,15,84,000002813.jpg,000071333.jpg
191,185,117,15,87,000002813.jpg,000071333.jpg
191,170,161,15,84,000002813.jpg,000071334.jpg
191,185,117,15,87,000002813.jpg,000071334.jpg
191,170,161,15,84,000002813.jpg,000071335.jpg
191,185,117,15,87,000002813.jpg,000071335.jpg
191,246,138,95,120,000008641.jpg,000071331.jpg
191,216,172,81,127,000008641.jpg,000071331.jpg
191,246,138,95,120,000008641.jpg,000071332.jpg
191,216,172,81,127,000008641.jpg,000071332.jpg
191,246,138,95,120,000008641.jpg,000071333.jpg
191,216,172,81,127,000008641.jpg,000071333.jpg
191,246,138,95,120,000008641.jpg,000071334.jpg
191,216,172,81,127,000008641.jpg,000071334.jpg
191,246,138,95,120,000008641.jpg,000071335.jpg
191,216,172,81,127,000008641.jpg,000071335.jpg
713,1270,795,864,432,000006582.jpg,000032488.jpg
713,1442,640,717,545,000006582.jpg,000032488.jpg
713,1270,795,864,432,000006582.jpg,000032489.jpg
713,1442,640,717,545,000006582.jpg,000032489.jpg
1237,175,376,32,271,000015694.jpg,000065959.jpg
1237,198,363,44,271,000015694.jpg,000065959.jpg
1237,175,376,32,271,000015694.jpg,000065960.jpg
1237,198,363,44,271,000015694.jpg,000065960.jpg
1237,175,376,32,271,000015694.jpg,000065961.jpg
1237,198,363,44,271,000015694.jpg,000065961.jpg
1237,275,470,1725,485,000006524.jpg,000065959.jpg
1237,330,380,1750,445,000006524.jpg,000065959.jpg
1237,275,470,1725,485,000006524.jpg,000065960.jpg
1237,330,380,1750,445,000006524.jpg,000065960.jpg
1237,275,470,1725,485,000006524.jpg,000065961.jpg
1237,330,380,1750,445,000006524.jpg,000065961.jpg
1237,804,374,641,327,000017224.jpg,000065959.jpg
1237,763,397,658,327,000017224.jpg,000065959.jpg
1237,804,374,641,327,000017224.jpg,000065960.jpg
1237,763,397,658,327,000017224.jpg,000065960.jpg
1237,804,374,641,327,000017224.jpg,000065961.jpg
1237,763,397,658,327,000017224.jpg,000065961.jpg
1237,830,380,295,260,000015241.jpg,000065959.jpg
1237,695,605,220,440,000015241.jpg,000065959.jpg
1237,830,380,295,260,000015241.jpg,000065960.jpg
1237,695,605,220,440,000015241.jpg,000065960.jpg
1237,830,380,295,260,000015241.jpg,000065961.jpg
1237,695,605,220,440,000015241.jpg,000065961.jpg
728,391,216,17,187,000004400.jpg,000075470.jpg
728,413,183,32,124,000004400.jpg,000075470.jpg
728,391,216,17,187,000004400.jpg,000075471.jpg
728,413,183,32,124,000004400.jpg,000075471.jpg
728,391,216,17,187,000004400.jpg,000075472.jpg
728,413,183,32,124,000004400.jpg,000075472.jpg
728,391,216,17,187,000004400.jpg,000075473.jpg
728,413,183,32,124,000004400.jpg,000075473.jpg
728,391,216,17,187,000004400.jpg,000075474.jpg
728,413,183,32,124,000004400.jpg,000075474.jpg
1241,878,1836,985,1000,000012243.jpg,000065881.jpg
1241,807,1886,957,1122,000012243.jpg,000065881.jpg
1241,878,1836,985,1000,000012243.jpg,000065882.jpg
1241,807,1886,957,1122,000012243.jpg,000065882.jpg
1241,302,365,265,243,000001110.jpg,000065881.jpg
1241,293,324,256,193,000001110.jpg,000065881.jpg
1241,302,365,265,243,000001110.jpg,000065882.jpg
1241,293,324,256,193,000001110.jpg,000065882.jpg
749,60,125,10,100,000008403.jpg,000083586.jpg
749,67,107,30,83,000008403.jpg,000083586.jpg
749,60,125,10,100,000008403.jpg,000083587.jpg
749,67,107,30,83,000008403.jpg,000083587.jpg
749,60,125,10,100,000008403.jpg,000083588.jpg
749,67,107,30,83,000008403.jpg,000083588.jpg
1270,312,286,78,164,000002664.jpg,000065597.jpg
1270,333,296,92,171,000002664.jpg,000065597.jpg
1270,312,286,78,164,000002664.jpg,000065598.jpg
1270,333,296,92,171,000002664.jpg,000065598.jpg
1270,208,319,67,268,000000840.jpg,000065597.jpg
1270,196,386,58,213,000000840.jpg,000065597.jpg
1270,208,319,67,268,000000840.jpg,000065598.jpg
1270,196,386,58,213,000000840.jpg,000065598.jpg
1270,383,236,64,198,000015178.jpg,000065597.jpg
1270,343,279,67,141,000015178.jpg,000065597.jpg
1270,383,236,64,198,000015178.jpg,000065598.jpg
1270,343,279,67,141,000015178.jpg,000065598.jpg
770,579,567,351,394,000003665.jpg,000023464.jpg
770,529,621,256,551,000003665.jpg,000023464.jpg
770,579,567,351,394,000003665.jpg,000023466.jpg
770,529,621,256,551,000003665.jpg,000023466.jpg
770,579,567,351,394,000003665.jpg,000023469.jpg
770,529,621,256,551,000003665.jpg,000023469.jpg
770,579,567,351,394,000003665.jpg,000023472.jpg
770,529,621,256,551,000003665.jpg,000023472.jpg
770,590,750,345,395,000011097.jpg,000023464.jpg
770,515,815,685,1390,000011097.jpg,000023464.jpg
770,615,825,385,350,000011097.jpg,000023464.jpg
770,590,750,345,395,000011097.jpg,000023466.jpg
770,515,815,685,1390,000011097.jpg,000023466.jpg
770,615,825,385,350,000011097.jpg,000023466.jpg
770,590,750,345,395,000011097.jpg,000023469.jpg
770,515,815,685,1390,000011097.jpg,000023469.jpg
770,615,825,385,350,000011097.jpg,000023469.jpg
770,590,750,345,395,000011097.jpg,000023472.jpg
770,515,815,685,1390,000011097.jpg,000023472.jpg
770,615,825,385,350,000011097.jpg,000023472.jpg
770,725,715,80,600,000013478.jpg,000023464.jpg
770,695,785,40,695,000013478.jpg,000023464.jpg
770,725,715,80,600,000013478.jpg,000023466.jpg
770,695,785,40,695,000013478.jpg,000023466.jpg
770,725,715,80,600,000013478.jpg,000023469.jpg
770,695,785,40,695,000013478.jpg,000023469.jpg
770,725,715,80,600,000013478.jpg,000023472.jpg
770,695,785,40,695,000013478.jpg,000023472.jpg
770,522,748,611,417,000011288.jpg,000023464.jpg
770,356,870,474,583,000011288.jpg,000023464.jpg
770,522,748,611,417,000011288.jpg,000023466.jpg
770,356,870,474,583,000011288.jpg,000023466.jpg
770,522,748,611,417,000011288.jpg,000023469.jpg
770,356,870,474,583,000011288.jpg,000023469.jpg
770,522,748,611,417,000011288.jpg,000023472.jpg
770,356,870,474,583,000011288.jpg,000023472.jpg
1283,34,288,131,294,000011245.jpg,000032913.jpg
1283,49,267,149,280,000011245.jpg,000032913.jpg
1283,34,288,131,294,000011245.jpg,000032914.jpg
1283,49,267,149,280,000011245.jpg,000032914.jpg
1283,189,144,118,124,000007634.jpg,000032913.jpg
1283,185,130,120,112,000007634.jpg,000032913.jpg
1283,189,144,118,124,000007634.jpg,000032914.jpg
1283,185,130,120,112,000007634.jpg,000032914.jpg
1288,715,571,85,419,000003325.jpg,000057555.jpg
1288,783,486,42,436,000003325.jpg,000057555.jpg
1288,715,571,85,419,000003325.jpg,000057556.jpg
1288,783,486,42,436,000003325.jpg,000057556.jpg
1288,715,571,85,419,000003325.jpg,000057557.jpg
1288,783,486,42,436,000003325.jpg,000057557.jpg
1288,341,194,17,170,000001504.jpg,000057555.jpg
1288,354,222,15,192,000001504.jpg,000057555.jpg
1288,341,194,17,170,000001504.jpg,000057556.jpg
1288,354,222,15,192,000001504.jpg,000057556.jpg
1288,341,194,17,170,000001504.jpg,000057557.jpg
1288,354,222,15,192,000001504.jpg,000057557.jpg
266,811,392,106,330,000011841.jpg,000085858.jpg
266,833,392,95,286,000011841.jpg,000085858.jpg
266,811,392,106,330,000011841.jpg,000085859.jpg
266,833,392,95,286,000011841.jpg,000085859.jpg
266,811,392,106,330,000011841.jpg,000085860.jpg
266,833,392,95,286,000011841.jpg,000085860.jpg
266,811,392,106,330,000011841.jpg,000085861.jpg
266,833,392,95,286,000011841.jpg,000085861.jpg
266,690,545,45,430,000013021.jpg,000085858.jpg
266,650,595,45,400,000013021.jpg,000085858.jpg
266,690,545,45,430,000013021.jpg,000085859.jpg
266,650,595,45,400,000013021.jpg,000085859.jpg
266,690,545,45,430,000013021.jpg,000085860.jpg
266,650,595,45,400,000013021.jpg,000085860.jpg
266,690,545,45,430,000013021.jpg,000085861.jpg
266,650,595,45,400,000013021.jpg,000085861.jpg
780,513,75,157,43,000009382.jpg,000041668.jpg
780,513,97,140,68,000009382.jpg,000041668.jpg
780,513,75,157,43,000009382.jpg,000041670.jpg
780,513,97,140,68,000009382.jpg,000041670.jpg
273,792,869,250,647,000016255.jpg,000086304.jpg
273,757,816,256,682,000016255.jpg,000086304.jpg
273,792,869,250,647,000016255.jpg,000086305.jpg
273,757,816,256,682,000016255.jpg,000086305.jpg
794,405,1050,530,1560,000012106.jpg,000075969.jpg
794,590,625,110,415,000012106.jpg,000075969.jpg
794,405,1050,530,1560,000012106.jpg,000075971.jpg
794,590,625,110,415,000012106.jpg,000075971.jpg
794,405,1050,530,1560,000012106.jpg,000075972.jpg
794,590,625,110,415,000012106.jpg,000075972.jpg
794,405,1050,530,1560,000012106.jpg,000075973.jpg
794,590,625,110,415,000012106.jpg,000075973.jpg
794,405,1050,530,1560,000012106.jpg,000097712.jpg
794,590,625,110,415,000012106.jpg,000097712.jpg
794,2355,925,372,444,000004207.jpg,000075969.jpg
794,2302,1156,381,745,000004207.jpg,000075969.jpg
794,2355,925,372,444,000004207.jpg,000075971.jpg
794,2302,1156,381,745,000004207.jpg,000075971.jpg
794,2355,925,372,444,000004207.jpg,000075972.jpg
794,2302,1156,381,745,000004207.jpg,000075972.jpg
794,2355,925,372,444,000004207.jpg,000075973.jpg
794,2302,1156,381,745,000004207.jpg,000075973.jpg
794,2355,925,372,444,000004207.jpg,000097712.jpg
794,2302,1156,381,745,000004207.jpg,000097712.jpg
1329,0,606,0,380,000013153.jpg,000089507.jpg
1329,9,741,0,368,000013153.jpg,000089507.jpg
1329,0,606,0,380,000013153.jpg,000089508.jpg
1329,9,741,0,368,000013153.jpg,000089508.jpg
1360,775,510,40,270,000011941.jpg,000047914.jpg
1360,815,405,35,280,000011941.jpg,000047914.jpg
1360,775,510,40,270,000011941.jpg,000047916.jpg
1360,815,405,35,280,000011941.jpg,000047916.jpg
1360,775,510,40,270,000011941.jpg,000047918.jpg
1360,815,405,35,280,000011941.jpg,000047918.jpg
856,613,332,690,194,000002887.jpg,000056718.jpg
856,654,166,695,148,000002887.jpg,000056718.jpg
856,613,332,690,194,000002887.jpg,000056720.jpg
856,654,166,695,148,000002887.jpg,000056720.jpg
856,330,146,24,175,000018068.jpg,000056718.jpg
856,342,132,44,126,000018068.jpg,000056718.jpg
856,330,146,24,175,000018068.jpg,000056720.jpg
856,342,132,44,126,000018068.jpg,000056720.jpg
856,73,203,68,156,000001314.jpg,000056718.jpg
856,47,193,71,131,000001314.jpg,000056718.jpg
856,73,203,68,156,000001314.jpg,000056720.jpg
856,47,193,71,131,000001314.jpg,000056720.jpg
887,199,207,95,148,000014504.jpg,000089807.jpg
887,206,196,86,185,000014504.jpg,000089807.jpg
887,199,207,95,148,000014504.jpg,000089808.jpg
887,206,196,86,185,000014504.jpg,000089808.jpg
380,368,660,383,950,000013468.jpg,000048026.jpg
380,501,281,119,201,000013468.jpg,000048026.jpg
380,368,660,383,950,000013468.jpg,000048027.jpg
380,501,281,119,201,000013468.jpg,000048027.jpg
1413,273,329,39,209,000018843.jpg,000062745.jpg
1413,270,320,18,216,000018843.jpg,000062745.jpg
1413,273,329,39,209,000018843.jpg,000062746.jpg
1413,270,320,18,216,000018843.jpg,000062746.jpg
918,91,164,71,201,000330100.jpg,000039356.jpg
918,77,205,88,185,000330100.jpg,000039356.jpg
918,91,164,71,201,000330100.jpg,000039357.jpg
918,77,205,88,185,000330100.jpg,000039357.jpg
1432,171,122,179,64,000001353.jpg,000097515.jpg
1432,162,123,192,52,000001353.jpg,000097515.jpg
1432,171,122,179,64,000001353.jpg,000097516.jpg
1432,162,123,192,52,000001353.jpg,000097516.jpg
1432,171,122,179,64,000001353.jpg,000097517.jpg
1432,162,123,192,52,000001353.jpg,000097517.jpg
1433,1714,581,457,277,000015542.jpg,000087328.jpg
1433,1723,343,476,239,000015542.jpg,000087328.jpg
1433,1714,581,457,277,000015542.jpg,000087329.jpg
1433,1723,343,476,239,000015542.jpg,000087329.jpg
1433,1714,581,457,277,000015542.jpg,000087330.jpg
1433,1723,343,476,239,000015542.jpg,000087330.jpg
922,322,209,159,252,000013560.jpg,000052250.jpg
922,299,223,142,246,000013560.jpg,000052250.jpg
922,322,209,159,252,000013560.jpg,000052251.jpg
922,299,223,142,246,000013560.jpg,000052251.jpg
1450,201,81,37,61,000008817.jpg,000037291.jpg
1450,200,80,35,73,000008817.jpg,000037291.jpg
1450,201,81,37,61,000008817.jpg,000037292.jpg
1450,200,80,35,73,000008817.jpg,000037292.jpg
938,588,1359,29,700,000000667.jpg,000065585.jpg
938,629,1067,34,892,000000667.jpg,000065585.jpg
938,588,1359,29,700,000000667.jpg,000065586.jpg
938,629,1067,34,892,000000667.jpg,000065586.jpg
938,659,669,417,335,000003549.jpg,000065585.jpg
938,654,674,339,458,000003549.jpg,000065585.jpg
938,659,669,417,335,000003549.jpg,000065586.jpg
938,654,674,339,458,000003549.jpg,000065586.jpg
938,825,355,276,286,000012319.jpg,000065585.jpg
938,829,328,248,305,000012319.jpg,000065585.jpg
938,825,355,276,286,000012319.jpg,000065586.jpg
938,829,328,248,305,000012319.jpg,000065586.jpg
1453,790,475,85,260,000012536.jpg,000023524.jpg
1453,700,570,15,405,000012536.jpg,000023524.jpg
1453,790,475,85,260,000012536.jpg,000023526.jpg
1453,700,570,15,405,000012536.jpg,000023526.jpg
1453,790,475,85,260,000012536.jpg,000023527.jpg
1453,700,570,15,405,000012536.jpg,000023527.jpg
1453,1451,726,414,562,000003078.jpg,000023524.jpg
1453,1347,985,518,623,000003078.jpg,000023524.jpg
1453,1451,726,414,562,000003078.jpg,000023526.jpg
1453,1347,985,518,623,000003078.jpg,000023526.jpg
1453,1451,726,414,562,000003078.jpg,000023527.jpg
1453,1347,985,518,623,000003078.jpg,000023527.jpg
1453,198,113,104,72,000005598.jpg,000023524.jpg
1453,216,80,115,51,000005598.jpg,000023524.jpg
1453,198,113,104,72,000005598.jpg,000023526.jpg
1453,216,80,115,51,000005598.jpg,000023526.jpg
1453,198,113,104,72,000005598.jpg,000023527.jpg
1453,216,80,115,51,000005598.jpg,000023527.jpg
1453,414,581,65,244,000015775.jpg,000023524.jpg
1453,17,186,12,110,000015775.jpg,000023524.jpg
1453,39,181,31,147,000015775.jpg,000023524.jpg
1453,472,473,68,344,000015775.jpg,000023524.jpg
1453,414,581,65,244,000015775.jpg,000023526.jpg
1453,17,186,12,110,000015775.jpg,000023526.jpg
1453,39,181,31,147,000015775.jpg,000023526.jpg
1453,472,473,68,344,000015775.jpg,000023526.jpg
1453,414,581,65,244,000015775.jpg,000023527.jpg
1453,17,186,12,110,000015775.jpg,000023527.jpg
1453,39,181,31,147,000015775.jpg,000023527.jpg
1453,472,473,68,344,000015775.jpg,000023527.jpg
1466,532,372,242,233,000000647.jpg,000065513.jpg
1466,542,336,271,222,000000647.jpg,000065513.jpg
1466,532,372,242,233,000000647.jpg,000065514.jpg
1466,542,336,271,222,000000647.jpg,000065514.jpg
1466,532,372,242,233,000000647.jpg,000065515.jpg
1466,542,336,271,222,000000647.jpg,000065515.jpg
454,34,310,115,324,000011245.jpg,000085972.jpg
454,60,258,139,293,000011245.jpg,000085972.jpg
454,34,310,115,324,000011245.jpg,000085973.jpg
454,60,258,139,293,000011245.jpg,000085973.jpg
454,34,310,115,324,000011245.jpg,000085974.jpg
454,60,258,139,293,000011245.jpg,000085974.jpg
1479,158,111,293,200,000001475.jpg,000067389.jpg
1479,78,196,287,460,000001475.jpg,000067389.jpg
1479,158,111,293,200,000001475.jpg,000067391.jpg
1479,78,196,287,460,000001475.jpg,000067391.jpg
1479,158,111,293,200,000001475.jpg,000067392.jpg
1479,78,196,287,460,000001475.jpg,000067392.jpg
458,52,156,30,117,000013204.jpg,000087421.jpg
458,333,247,48,145,000013204.jpg,000087421.jpg
458,49,174,42,88,000013204.jpg,000087421.jpg
458,340,238,40,155,000013204.jpg,000087421.jpg
458,52,156,30,117,000013204.jpg,000087422.jpg
458,333,247,48,145,000013204.jpg,000087422.jpg
458,49,174,42,88,000013204.jpg,000087422.jpg
458,340,238,40,155,000013204.jpg,000087422.jpg
458,52,156,30,117,000013204.jpg,000087423.jpg
458,333,247,48,145,000013204.jpg,000087423.jpg
458,49,174,42,88,000013204.jpg,000087423.jpg
458,340,238,40,155,000013204.jpg,000087423.jpg
972,1423,594,403,404,000001727.jpg,000068643.jpg
972,1454,578,426,411,000001727.jpg,000068643.jpg
972,1423,594,403,404,000001727.jpg,000068644.jpg
972,1454,578,426,411,000001727.jpg,000068644.jpg
465,1632,692,112,769,000004982.jpg,000077360.jpg
465,1615,709,138,735,000004982.jpg,000077360.jpg
465,1632,692,112,769,000004982.jpg,000077361.jpg
465,1615,709,138,735,000004982.jpg,000077361.jpg
983,119,82,112,43,000010054.jpg,000049584.jpg
983,113,97,97,48,000010054.jpg,000049584.jpg
983,119,82,112,43,000010054.jpg,000049585.jpg
983,113,97,97,48,000010054.jpg,000049585.jpg
1500,1355,468,530,448,000002489.jpg,000070315.jpg
1500,1172,678,521,357,000002489.jpg,000070315.jpg
1500,1355,468,530,448,000002489.jpg,000070316.jpg
1500,1172,678,521,357,000002489.jpg,000070316.jpg
1506,548,450,277,330,000016082.jpg,000053358.jpg
1506,563,403,307,267,000016082.jpg,000053358.jpg
1506,548,450,277,330,000016082.jpg,000053359.jpg
1506,563,403,307,267,000016082.jpg,000053359.jpg
997,378,1020,0,665,000016434.jpg,000086869.jpg
997,1340,6,612,6,000016434.jpg,000086869.jpg
997,431,916,0,618,000016434.jpg,000086869.jpg
997,378,1020,0,665,000016434.jpg,000086870.jpg
997,1340,6,612,6,000016434.jpg,000086870.jpg
997,431,916,0,618,000016434.jpg,000086870.jpg
1512,795,555,770,1130,000014117.jpg,000089708.jpg
1512,1185,225,665,645,000014117.jpg,000089708.jpg
1512,795,555,770,1130,000014117.jpg,000089709.jpg
1512,1185,225,665,645,000014117.jpg,000089709.jpg
1512,795,555,770,1130,000014117.jpg,000089710.jpg
1512,1185,225,665,645,000014117.jpg,000089710.jpg
489,972,443,293,330,000004862.jpg,000026088.jpg
489,952,464,252,376,000004862.jpg,000026088.jpg
489,972,443,293,330,000004862.jpg,000026089.jpg
489,952,464,252,376,000004862.jpg,000026089.jpg
489,1064,835,562,588,000098617.jpg,000026088.jpg
489,971,1159,783,324,000098617.jpg,000026088.jpg
489,1064,835,562,588,000098617.jpg,000026089.jpg
489,971,1159,783,324,000098617.jpg,000026089.jpg
1010,950,408,722,304,000002408.jpg,000060977.jpg
1010,961,403,740,315,000002408.jpg,000060977.jpg
1010,950,408,722,304,000002408.jpg,000060978.jpg
1010,961,403,740,315,000002408.jpg,000060978.jpg
510,151,215,31,152,000011006.jpg,000085146.jpg
510,640,423,8,392,000011006.jpg,000085146.jpg
510,182,140,11,149,000011006.jpg,000085146.jpg
510,151,215,31,152,000011006.jpg,000085147.jpg
510,640,423,8,392,000011006.jpg,000085147.jpg
510,182,140,11,149,000011006.jpg,000085147.jpg
510,151,215,31,152,000011006.jpg,000085148.jpg
510,640,423,8,392,000011006.jpg,000085148.jpg
510,182,140,11,149,000011006.jpg,000085148.jpg
510,151,215,31,152,000011006.jpg,000085149.jpg
510,640,423,8,392,000011006.jpg,000085149.jpg
510,182,140,11,149,000011006.jpg,000085149.jpg
