id,left,width,top,height,cons_path,shop_path
645,330,244,617,174,000017147,000063525
645,330,244,617,174,000017147,000063526
645,330,244,617,174,000017147,000063527
645,330,244,617,174,000017147,000063528
645,174,80,65,65,000000132,000063525
645,174,80,65,65,000000132,000063526
645,174,80,65,65,000000132,000063527
645,174,80,65,65,000000132,000063528
645,677,127,532,52,000006755,000063525
645,677,127,532,52,000006755,000063526
645,677,127,532,52,000006755,000063527
645,677,127,532,52,000006755,000063528
645,240,35,218,16,000005923,000063525
645,240,35,218,16,000005923,000063526
645,240,35,218,16,000005923,000063527
645,240,35,218,16,000005923,000063528
645,2,96,304,85,000017472,000063525
645,2,96,304,85,000017472,000063526
645,2,96,304,85,000017472,000063527
645,2,96,304,85,000017472,000063528
645,322,59,112,29,000001525,000063525
645,322,59,112,29,000001525,000063526
645,322,59,112,29,000001525,000063527
645,322,59,112,29,000001525,000063528
645,505,351,232,186,000000906,000063525
645,505,351,232,186,000000906,000063526
645,505,351,232,186,000000906,000063527
645,505,351,232,186,000000906,000063528
645,280,113,87,68,000016261,000063525
645,280,113,87,68,000016261,000063526
645,280,113,87,68,000016261,000063527
645,280,113,87,68,000016261,000063528
645,180,172,182,19,000017285,000063525
645,180,172,182,19,000017285,000063526
645,180,172,182,19,000017285,000063527
645,180,172,182,19,000017285,000063528
645,220,82,72,45,000015034,000063525
645,220,82,72,45,000015034,000063526
645,220,82,72,45,000015034,000063527
645,220,82,72,45,000015034,000063528
645,211,69,62,56,000011437,000063525
645,211,69,62,56,000011437,000063526
645,211,69,62,56,000011437,000063527
645,211,69,62,56,000011437,000063528
645,1091,327,180,124,000006567,000063525
645,1091,327,180,124,000006567,000063526
645,1091,327,180,124,000006567,000063527
645,1091,327,180,124,000006567,000063528
645,162,215,238,107,000009923,000063525
645,162,215,238,107,000009923,000063526
645,162,215,238,107,000009923,000063527
645,162,215,238,107,000009923,000063528
645,251,32,161,29,000005324,000063525
645,251,32,161,29,000005324,000063526
645,251,32,161,29,000005324,000063527
645,251,32,161,29,000005324,000063528
645,2984,801,471,483,000005947,000063525
645,2984,801,471,483,000005947,000063526
645,2984,801,471,483,000005947,000063527
645,2984,801,471,483,000005947,000063528
774,230,66,200,33,000010513,000052951
774,230,66,200,33,000010513,000052954
774,230,66,200,33,000010513,000052956
774,230,66,200,33,000010513,000097381
774,1719,432,760,173,000003360,000052951
774,1719,432,760,173,000003360,000052954
774,1719,432,760,173,000003360,000052956
774,1719,432,760,173,000003360,000097381
774,342,60,98,59,000015377,000052951
774,342,60,98,59,000015377,000052954
774,342,60,98,59,000015377,000052956
774,342,60,98,59,000015377,000097381
774,177,229,129,77,000014356,000052951
774,177,229,129,77,000014356,000052954
774,177,229,129,77,000014356,000052956
774,177,229,129,77,000014356,000097381
404,985,292,442,123,000014507,000050022
404,985,292,442,123,000014507,000050023
404,985,292,442,123,000014507,000050024
404,985,292,442,123,000014507,000050025
404,985,292,442,123,000014507,000050026
404,145,94,63,19,000008540,000050022
404,145,94,63,19,000008540,000050023
404,145,94,63,19,000008540,000050024
404,145,94,63,19,000008540,000050025
404,145,94,63,19,000008540,000050026
404,208,93,142,17,000002531,000050022
404,208,93,142,17,000002531,000050023
404,208,93,142,17,000002531,000050024
404,208,93,142,17,000002531,000050025
404,208,93,142,17,000002531,000050026
404,254,78,100,40,000016684,000050022
404,254,78,100,40,000016684,000050023
404,254,78,100,40,000016684,000050024
404,254,78,100,40,000016684,000050025
404,254,78,100,40,000016684,000050026
404,863,346,418,193,000014832,000050022
404,863,346,418,193,000014832,000050023
404,863,346,418,193,000014832,000050024
404,863,346,418,193,000014832,000050025
404,863,346,418,193,000014832,000050026
404,263,72,65,22,000251576,000050022
404,263,72,65,22,000251576,000050023
404,263,72,65,22,000251576,000050024
404,263,72,65,22,000251576,000050025
404,263,72,65,22,000251576,000050026
1067,990,370,425,195,000014486,000063275
1067,990,370,425,195,000014486,000063276
1067,990,370,425,195,000014486,000063277
1067,990,370,425,195,000014486,000097320
1067,672,74,107,37,000004407,000063275
1067,672,74,107,37,000004407,000063276
1067,672,74,107,37,000004407,000063277
1067,672,74,107,37,000004407,000097320
1067,521,304,256,156,000002798,000063275
1067,521,304,256,156,000002798,000063276
1067,521,304,256,156,000002798,000063277
1067,521,304,256,156,000002798,000097320
1067,297,281,117,127,000006950,000063275
1067,297,281,117,127,000006950,000063276
1067,297,281,117,127,000006950,000063277
1067,297,281,117,127,000006950,000097320
1067,1520,424,466,372,000001071,000063275
1067,1520,424,466,372,000001071,000063276
1067,1520,424,466,372,000001071,000063277
1067,1520,424,466,372,000001071,000097320
1067,790,245,270,70,000014529,000063275
1067,790,245,270,70,000014529,000063276
1067,790,245,270,70,000014529,000063277
1067,790,245,270,70,000014529,000097320
943,2548,467,2963,493,000002963,000049665
943,2548,467,2963,493,000002963,000049666
943,2548,467,2963,493,000002963,000049668
943,375,131,370,51,000017708,000049665
943,375,131,370,51,000017708,000049666
943,375,131,370,51,000017708,000049668
943,1095,274,1002,123,000007455,000049665
943,1095,274,1002,123,000007455,000049666
943,1095,274,1002,123,000007455,000049668
943,192,82,67,26,000002892,000049665
943,192,82,67,26,000002892,000049666
943,192,82,67,26,000002892,000049668
704,1154,463,499,155,000005551,000050602
704,1141,408,487,192,000005551,000050602
704,1154,463,499,155,000005551,000050603
704,1141,408,487,192,000005551,000050603
704,1154,463,499,155,000005551,000050604
704,1141,408,487,192,000005551,000050604
704,1154,463,499,155,000005551,000050605
704,1141,408,487,192,000005551,000050605
704,198,80,84,30,000001858,000050602
704,210,59,90,20,000001858,000050602
704,198,80,84,30,000001858,000050603
704,210,59,90,20,000001858,000050603
704,198,80,84,30,000001858,000050604
704,210,59,90,20,000001858,000050604
704,198,80,84,30,000001858,000050605
704,210,59,90,20,000001858,000050605
704,214,58,80,24,000002560,000050602
704,211,73,69,42,000002560,000050602
704,214,58,80,24,000002560,000050603
704,211,73,69,42,000002560,000050603
704,214,58,80,24,000002560,000050604
704,211,73,69,42,000002560,000050604
704,214,58,80,24,000002560,000050605
704,211,73,69,42,000002560,000050605
704,788,225,250,110,000012228,000050602
704,788,208,253,130,000012228,000050602
704,788,225,250,110,000012228,000050603
704,788,208,253,130,000012228,000050603
704,788,225,250,110,000012228,000050604
704,788,208,253,130,000012228,000050604
704,788,225,250,110,000012228,000050605
704,788,208,253,130,000012228,000050605
704,177,56,140,18,000000546,000050602
704,154,84,137,39,000000546,000050602
704,177,56,140,18,000000546,000050603
704,154,84,137,39,000000546,000050603
704,177,56,140,18,000000546,000050604
704,154,84,137,39,000000546,000050604
704,177,56,140,18,000000546,000050605
704,154,84,137,39,000000546,000050605
704,16,100,115,76,000014049,000050602
704,22,106,121,63,000014049,000050602
704,16,100,115,76,000014049,000050603
704,22,106,121,63,000014049,000050603
704,16,100,115,76,000014049,000050604
704,22,106,121,63,000014049,000050604
704,16,100,115,76,000014049,000050605
704,22,106,121,63,000014049,000050605
704,2275,186,481,84,000015199,000050602
704,2201,381,425,213,000015199,000050602
704,2275,186,481,84,000015199,000050603
704,2201,381,425,213,000015199,000050603
704,2275,186,481,84,000015199,000050604
704,2201,381,425,213,000015199,000050604
704,2275,186,481,84,000015199,000050605
704,2201,381,425,213,000015199,000050605
704,264,109,62,38,000002335,000050602
704,268,90,62,36,000002335,000050602
704,264,109,62,38,000002335,000050603
704,268,90,62,36,000002335,000050603
704,264,109,62,38,000002335,000050604
704,268,90,62,36,000002335,000050604
704,264,109,62,38,000002335,000050605
704,268,90,62,36,000002335,000050605
704,1265,260,790,240,000003691,000050602
704,1295,240,820,160,000003691,000050602
704,1265,260,790,240,000003691,000050603
704,1295,240,820,160,000003691,000050603
704,1265,260,790,240,000003691,000050604
704,1295,240,820,160,000003691,000050604
704,1265,260,790,240,000003691,000050605
704,1295,240,820,160,000003691,000050605
704,238,52,20,81,000003882,000050602
704,231,83,18,42,000003882,000050602
704,238,52,20,81,000003882,000050603
704,231,83,18,42,000003882,000050603
704,238,52,20,81,000003882,000050604
704,231,83,18,42,000003882,000050604
704,238,52,20,81,000003882,000050605
704,231,83,18,42,000003882,000050605
704,571,194,73,129,000008263,000050602
704,548,180,69,120,000008263,000050602
704,571,194,73,129,000008263,000050603
704,548,180,69,120,000008263,000050603
704,571,194,73,129,000008263,000050604
704,548,180,69,120,000008263,000050604
704,571,194,73,129,000008263,000050605
704,548,180,69,120,000008263,000050605
1225,452,77,130,40,000000812,000048543
1225,452,77,130,40,000000812,000048544
1225,452,77,130,40,000000812,000048545
1225,452,77,130,40,000000812,000097318
1225,585,271,625,169,000013900,000048543
1225,585,271,625,169,000013900,000048544
1225,585,271,625,169,000013900,000048545
1225,585,271,625,169,000013900,000097318
1225,1040,380,353,209,000018569,000048543
1225,1040,380,353,209,000018569,000048544
1225,1040,380,353,209,000018569,000048545
1225,1040,380,353,209,000018569,000097318
1225,1062,449,424,230,000000234,000048543
1225,1062,449,424,230,000000234,000048544
1225,1062,449,424,230,000000234,000048545
1225,1062,449,424,230,000000234,000097318
1225,490,115,183,50,000004676,000048543
1225,490,115,183,50,000004676,000048544
1225,490,115,183,50,000004676,000048545
1225,490,115,183,50,000004676,000097318
1225,963,468,236,208,000011125,000048543
1225,963,468,236,208,000011125,000048544
1225,963,468,236,208,000011125,000048545
1225,963,468,236,208,000011125,000097318
1225,516,139,154,100,000005129,000048543
1225,516,139,154,100,000005129,000048544
1225,516,139,154,100,000005129,000048545
1225,516,139,154,100,000005129,000097318
1225,559,229,778,82,000012765,000048543
1225,559,229,778,82,000012765,000048544
1225,559,229,778,82,000012765,000048545
1225,559,229,778,82,000012765,000097318
1225,861,412,636,180,000008386,000048543
1225,861,412,636,180,000008386,000048544
1225,861,412,636,180,000008386,000048545
1225,861,412,636,180,000008386,000097318
1225,426,495,179,275,000000426,000048543
1225,426,495,179,275,000000426,000048544
1225,426,495,179,275,000000426,000048545
1225,426,495,179,275,000000426,000097318
1225,1163,386,758,142,000017154,000048543
1225,1163,386,758,142,000017154,000048544
1225,1163,386,758,142,000017154,000048545
1225,1163,386,758,142,000017154,000097318
1225,643,251,246,116,000010744,000048543
1225,643,251,246,116,000010744,000048544
1225,643,251,246,116,000010744,000048545
1225,643,251,246,116,000010744,000097318
1225,997,293,354,96,000008894,000048543
1225,997,293,354,96,000008894,000048544
1225,997,293,354,96,000008894,000048545
1225,997,293,354,96,000008894,000097318
1225,803,207,395,86,000015334,000048543
1225,803,207,395,86,000015334,000048544
1225,803,207,395,86,000015334,000048545
1225,803,207,395,86,000015334,000097318
1225,464,108,223,48,000000255,000048543
1225,464,108,223,48,000000255,000048544
1225,464,108,223,48,000000255,000048545
1225,464,108,223,48,000000255,000097318
1225,808,262,228,108,000017066,000048543
1225,808,262,228,108,000017066,000048544
1225,808,262,228,108,000017066,000048545
1225,808,262,228,108,000017066,000097318
1225,1714,222,1600,100,000004418,000048543
1225,1714,222,1600,100,000004418,000048544
1225,1714,222,1600,100,000004418,000048545
1225,1714,222,1600,100,000004418,000097318
1225,946,285,328,105,000011518,000048543
1225,946,285,328,105,000011518,000048544
1225,946,285,328,105,000011518,000048545
1225,946,285,328,105,000011518,000097318
1225,522,49,611,101,000001123,000048543
1225,522,49,611,101,000001123,000048544
1225,522,49,611,101,000001123,000048545
1225,522,49,611,101,000001123,000097318
1225,394,200,26,69,000003528,000048543
1225,394,200,26,69,000003528,000048544
1225,394,200,26,69,000003528,000048545
1225,394,200,26,69,000003528,000097318
1225,1270,280,542,164,000008400,000048543
1225,1270,280,542,164,000008400,000048544
1225,1270,280,542,164,000008400,000048545
1225,1270,280,542,164,000008400,000097318
1225,1338,410,351,211,000014861,000048543
1225,1338,410,351,211,000014861,000048544
1225,1338,410,351,211,000014861,000048545
1225,1338,410,351,211,000014861,000097318
1225,835,256,332,63,000000330,000048543
1225,835,256,332,63,000000330,000048544
1225,835,256,332,63,000000330,000048545
1225,835,256,332,63,000000330,000097318
1225,542,105,1556,140,000004312,000048543
1225,542,105,1556,140,000004312,000048544
1225,542,105,1556,140,000004312,000048545
1225,542,105,1556,140,000004312,000097318
1225,741,339,256,133,000018162,000048543
1225,741,339,256,133,000018162,000048544
1225,741,339,256,133,000018162,000048545
1225,741,339,256,133,000018162,000097318
1225,642,387,391,131,000011052,000048543
1225,642,387,391,131,000011052,000048544
1225,642,387,391,131,000011052,000048545
1225,642,387,391,131,000011052,000097318
1225,1091,235,239,118,000015508,000048543
1225,1091,235,239,118,000015508,000048544
1225,1091,235,239,118,000015508,000048545
1225,1091,235,239,118,000015508,000097318
1225,241,66,192,28,000005889,000048543
1225,241,66,192,28,000005889,000048544
1225,241,66,192,28,000005889,000048545
1225,241,66,192,28,000005889,000097318
1225,407,179,190,81,000001567,000048543
1225,407,179,190,81,000001567,000048544
1225,407,179,190,81,000001567,000048545
1225,407,179,190,81,000001567,000097318
1225,469,131,133,79,000013952,000048543
1225,469,131,133,79,000013952,000048544
1225,469,131,133,79,000013952,000048545
1225,469,131,133,79,000013952,000097318
1225,1288,334,455,161,000001876,000048543
1225,1288,334,455,161,000001876,000048544
1225,1288,334,455,161,000001876,000048545
1225,1288,334,455,161,000001876,000097318
1225,1290,444,530,175,000016112,000048543
1225,1290,444,530,175,000016112,000048544
1225,1290,444,530,175,000016112,000048545
1225,1290,444,530,175,000016112,000097318
1225,926,250,380,141,000018376,000048543
1225,926,250,380,141,000018376,000048544
1225,926,250,380,141,000018376,000048545
1225,926,250,380,141,000018376,000097318
1225,428,136,145,55,000004369,000048543
1225,428,136,145,55,000004369,000048544
1225,428,136,145,55,000004369,000048545
1225,428,136,145,55,000004369,000097318
1225,1433,386,398,142,000011897,000048543
1225,1433,386,398,142,000011897,000048544
1225,1433,386,398,142,000011897,000048545
1225,1433,386,398,142,000011897,000097318
1225,1272,373,205,206,000005095,000048543
1225,1272,373,205,206,000005095,000048544
1225,1272,373,205,206,000005095,000048545
1225,1272,373,205,206,000005095,000097318
1225,276,35,105,22,000018052,000048543
1225,276,35,105,22,000018052,000048544
1225,276,35,105,22,000018052,000048545
1225,276,35,105,22,000018052,000097318
1225,1072,257,532,139,000016075,000048543
1225,1072,257,532,139,000016075,000048544
1225,1072,257,532,139,000016075,000048545
1225,1072,257,532,139,000016075,000097318
1225,200,74,361,36,000098654,000048543
1225,200,74,361,36,000098654,000048544
1225,200,74,361,36,000098654,000048545
1225,200,74,361,36,000098654,000097318
1235,175,143,66,48,000014355,000050700
1235,175,143,66,48,000014355,000050701
1235,175,143,66,48,000014355,000050702
1235,175,143,66,48,000014355,000097331
1235,403,237,163,104,000010698,000050700
1235,403,237,163,104,000010698,000050701
1235,403,237,163,104,000010698,000050702
1235,403,237,163,104,000010698,000097331
347,255,113,85,46,000010336,000062067
347,255,113,85,46,000010336,000062068
347,255,113,85,46,000010336,000062069
347,255,113,85,46,000010336,000062077
347,255,113,85,46,000010336,000062079
347,374,55,140,38,000008744,000062067
347,374,55,140,38,000008744,000062068
347,374,55,140,38,000008744,000062069
347,374,55,140,38,000008744,000062077
347,374,55,140,38,000008744,000062079
347,1030,388,618,166,000007835,000062067
347,1030,388,618,166,000007835,000062068
347,1030,388,618,166,000007835,000062069
347,1030,388,618,166,000007835,000062077
347,1030,388,618,166,000007835,000062079
347,310,69,155,30,000015075,000062067
347,310,69,155,30,000015075,000062068
347,310,69,155,30,000015075,000062069
347,310,69,155,30,000015075,000062077
347,310,69,155,30,000015075,000062079
347,55,89,60,45,000000431,000062067
347,55,89,60,45,000000431,000062068
347,55,89,60,45,000000431,000062069
347,55,89,60,45,000000431,000062077
347,55,89,60,45,000000431,000062079
347,182,49,65,25,000008294,000062067
347,182,49,65,25,000008294,000062068
347,182,49,65,25,000008294,000062069
347,182,49,65,25,000008294,000062077
347,182,49,65,25,000008294,000062079
347,291,68,194,25,000016559,000062067
347,291,68,194,25,000016559,000062068
347,291,68,194,25,000016559,000062069
347,291,68,194,25,000016559,000062077
347,291,68,194,25,000016559,000062079
347,308,120,84,78,000015944,000062067
347,308,120,84,78,000015944,000062068
347,308,120,84,78,000015944,000062069
347,308,120,84,78,000015944,000062077
347,308,120,84,78,000015944,000062079
347,318,89,77,34,000017035,000062067
347,318,89,77,34,000017035,000062068
347,318,89,77,34,000017035,000062069
347,318,89,77,34,000017035,000062077
347,318,89,77,34,000017035,000062079
347,245,63,135,40,000015237,000062067
347,245,63,135,40,000015237,000062068
347,245,63,135,40,000015237,000062069
347,245,63,135,40,000015237,000062077
347,245,63,135,40,000015237,000062079
347,121,99,127,39,000014254,000062067
347,121,99,127,39,000014254,000062068
347,121,99,127,39,000014254,000062069
347,121,99,127,39,000014254,000062077
347,121,99,127,39,000014254,000062079
347,407,137,160,96,000005249,000062067
347,407,137,160,96,000005249,000062068
347,407,137,160,96,000005249,000062069
347,407,137,160,96,000005249,000062077
347,407,137,160,96,000005249,000062079
347,251,58,256,24,000016409,000062067
347,251,58,256,24,000016409,000062068
347,251,58,256,24,000016409,000062069
347,251,58,256,24,000016409,000062077
347,251,58,256,24,000016409,000062079
347,324,42,344,22,000003308,000062067
347,324,42,344,22,000003308,000062068
347,324,42,344,22,000003308,000062069
347,324,42,344,22,000003308,000062077
347,324,42,344,22,000003308,000062079
347,188,83,74,36,000002157,000062067
347,188,83,74,36,000002157,000062068
347,188,83,74,36,000002157,000062069
347,188,83,74,36,000002157,000062077
347,188,83,74,36,000002157,000062079
347,261,103,101,52,000000692,000062067
347,261,103,101,52,000000692,000062068
347,261,103,101,52,000000692,000062069
347,261,103,101,52,000000692,000062077
347,261,103,101,52,000000692,000062079
347,1075,290,595,170,000014484,000062067
347,1075,290,595,170,000014484,000062068
347,1075,290,595,170,000014484,000062069
347,1075,290,595,170,000014484,000062077
347,1075,290,595,170,000014484,000062079
347,204,67,54,36,000005512,000062067
347,204,67,54,36,000005512,000062068
347,204,67,54,36,000005512,000062069
347,204,67,54,36,000005512,000062077
347,204,67,54,36,000005512,000062079
347,335,53,142,32,000016074,000062067
347,335,53,142,32,000016074,000062068
347,335,53,142,32,000016074,000062069
347,335,53,142,32,000016074,000062077
347,335,53,142,32,000016074,000062079
347,251,68,111,29,000002312,000062067
347,251,68,111,29,000002312,000062068
347,251,68,111,29,000002312,000062069
347,251,68,111,29,000002312,000062077
347,251,68,111,29,000002312,000062079
347,283,80,48,42,000007749,000062067
347,283,80,48,42,000007749,000062068
347,283,80,48,42,000007749,000062069
347,283,80,48,42,000007749,000062077
347,283,80,48,42,000007749,000062079
347,315,125,308,89,000016007,000062067
347,315,125,308,89,000016007,000062068
347,315,125,308,89,000016007,000062069
347,315,125,308,89,000016007,000062077
347,315,125,308,89,000016007,000062079
347,692,141,92,28,000014399,000062067
347,692,141,92,28,000014399,000062068
347,692,141,92,28,000014399,000062069
347,692,141,92,28,000014399,000062077
347,692,141,92,28,000014399,000062079
347,211,111,96,67,000007442,000062067
347,211,111,96,67,000007442,000062068
347,211,111,96,67,000007442,000062069
347,211,111,96,67,000007442,000062077
347,211,111,96,67,000007442,000062079
347,295,86,74,65,000013306,000062067
347,295,86,74,65,000013306,000062068
347,295,86,74,65,000013306,000062069
347,295,86,74,65,000013306,000062077
347,295,86,74,65,000013306,000062079
347,136,132,234,41,000015754,000062067
347,136,132,234,41,000015754,000062068
347,136,132,234,41,000015754,000062069
347,136,132,234,41,000015754,000062077
347,136,132,234,41,000015754,000062079
347,1209,1072,1468,467,000005034,000062067
347,1209,1072,1468,467,000005034,000062068
347,1209,1072,1468,467,000005034,000062069
347,1209,1072,1468,467,000005034,000062077
347,1209,1072,1468,467,000005034,000062079
347,276,84,106,34,000000724,000062067
347,276,84,106,34,000000724,000062068
347,276,84,106,34,000000724,000062069
347,276,84,106,34,000000724,000062077
347,276,84,106,34,000000724,000062079
347,251,53,231,23,000015245,000062067
347,251,53,231,23,000015245,000062068
347,251,53,231,23,000015245,000062069
347,251,53,231,23,000015245,000062077
347,251,53,231,23,000015245,000062079
347,242,86,78,50,000016616,000062067
347,242,86,78,50,000016616,000062068
347,242,86,78,50,000016616,000062069
347,242,86,78,50,000016616,000062077
347,242,86,78,50,000016616,000062079
347,207,56,168,28,000017167,000062067
347,207,56,168,28,000017167,000062068
347,207,56,168,28,000017167,000062069
347,207,56,168,28,000017167,000062077
347,207,56,168,28,000017167,000062079
347,291,90,130,53,000004531,000062067
347,291,90,130,53,000004531,000062068
347,291,90,130,53,000004531,000062069
347,291,90,130,53,000004531,000062077
347,291,90,130,53,000004531,000062079
347,382,128,87,68,000015660,000062067
347,382,128,87,68,000015660,000062068
347,382,128,87,68,000015660,000062069
347,382,128,87,68,000015660,000062077
347,382,128,87,68,000015660,000062079
347,574,154,515,88,000000339,000062067
347,574,154,515,88,000000339,000062068
347,574,154,515,88,000000339,000062069
347,574,154,515,88,000000339,000062077
347,574,154,515,88,000000339,000062079
347,112,55,247,18,000011242,000062067
347,112,55,247,18,000011242,000062068
347,112,55,247,18,000011242,000062069
347,112,55,247,18,000011242,000062077
347,112,55,247,18,000011242,000062079
347,437,148,4,55,000330213,000062067
347,437,148,4,55,000330213,000062068
347,437,148,4,55,000330213,000062069
347,437,148,4,55,000330213,000062077
347,437,148,4,55,000330213,000062079
347,150,31,108,35,000007790,000062067
347,150,31,108,35,000007790,000062068
347,150,31,108,35,000007790,000062069
347,150,31,108,35,000007790,000062077
347,150,31,108,35,000007790,000062079
347,314,65,95,29,000018287,000062067
347,314,65,95,29,000018287,000062068
347,314,65,95,29,000018287,000062069
347,314,65,95,29,000018287,000062077
347,314,65,95,29,000018287,000062079
347,297,52,232,39,000002519,000062067
347,297,52,232,39,000002519,000062068
347,297,52,232,39,000002519,000062069
347,297,52,232,39,000002519,000062077
347,297,52,232,39,000002519,000062079
347,155,115,107,45,000011430,000062067
347,155,115,107,45,000011430,000062068
347,155,115,107,45,000011430,000062069
347,155,115,107,45,000011430,000062077
347,155,115,107,45,000011430,000062079
347,2951,768,449,472,000005947,000062067
347,2951,768,449,472,000005947,000062068
347,2951,768,449,472,000005947,000062069
347,2951,768,449,472,000005947,000062077
347,2951,768,449,472,000005947,000062079
347,447,103,97,65,000006307,000062067
347,447,103,97,65,000006307,000062068
347,447,103,97,65,000006307,000062069
347,447,103,97,65,000006307,000062077
347,447,103,97,65,000006307,000062079
347,243,97,124,39,000003968,000062067
347,243,97,124,39,000003968,000062068
347,243,97,124,39,000003968,000062069
347,243,97,124,39,000003968,000062077
347,243,97,124,39,000003968,000062079
347,857,268,437,111,000016252,000062067
347,857,268,437,111,000016252,000062068
347,857,268,437,111,000016252,000062069
347,857,268,437,111,000016252,000062077
347,857,268,437,111,000016252,000062079
347,245,72,102,23,000018367,000062067
347,245,72,102,23,000018367,000062068
347,245,72,102,23,000018367,000062069
347,245,72,102,23,000018367,000062077
347,245,72,102,23,000018367,000062079
347,300,108,152,38,000009537,000062067
347,300,108,152,38,000009537,000062068
347,300,108,152,38,000009537,000062069
347,300,108,152,38,000009537,000062077
347,300,108,152,38,000009537,000062079
347,340,13,427,8,000008296,000062067
347,340,13,427,8,000008296,000062068
347,340,13,427,8,000008296,000062069
347,340,13,427,8,000008296,000062077
347,340,13,427,8,000008296,000062079
347,351,96,150,52,000014003,000062067
347,351,96,150,52,000014003,000062068
347,351,96,150,52,000014003,000062069
347,351,96,150,52,000014003,000062077
347,351,96,150,52,000014003,000062079
347,1347,700,1261,303,000011500,000062067
347,1347,700,1261,303,000011500,000062068
347,1347,700,1261,303,000011500,000062069
347,1347,700,1261,303,000011500,000062077
347,1347,700,1261,303,000011500,000062079
347,262,68,131,33,000012136,000062067
347,262,68,131,33,000012136,000062068
347,262,68,131,33,000012136,000062069
347,262,68,131,33,000012136,000062077
347,262,68,131,33,000012136,000062079
347,427,78,182,30,000007403,000062067
347,427,78,182,30,000007403,000062068
347,427,78,182,30,000007403,000062069
347,427,78,182,30,000007403,000062077
347,427,78,182,30,000007403,000062079
347,255,50,284,20,000002517,000062067
347,255,50,284,20,000002517,000062068
347,255,50,284,20,000002517,000062069
347,255,50,284,20,000002517,000062077
347,255,50,284,20,000002517,000062079
347,1422,374,373,179,000017957,000062067
347,373,381,373,210,000017957,000062067
347,2517,436,380,195,000017957,000062067
347,1422,374,373,179,000017957,000062068
347,373,381,373,210,000017957,000062068
347,2517,436,380,195,000017957,000062068
347,1422,374,373,179,000017957,000062069
347,373,381,373,210,000017957,000062069
347,2517,436,380,195,000017957,000062069
347,1422,374,373,179,000017957,000062077
347,373,381,373,210,000017957,000062077
347,2517,436,380,195,000017957,000062077
347,1422,374,373,179,000017957,000062079
347,373,381,373,210,000017957,000062079
347,2517,436,380,195,000017957,000062079
347,285,48,64,29,000006049,000062067
347,285,48,64,29,000006049,000062068
347,285,48,64,29,000006049,000062069
347,285,48,64,29,000006049,000062077
347,285,48,64,29,000006049,000062079
347,221,94,135,53,000011988,000062067
347,221,94,135,53,000011988,000062068
347,221,94,135,53,000011988,000062069
347,221,94,135,53,000011988,000062077
347,221,94,135,53,000011988,000062079
347,327,55,188,28,000003948,000062067
347,327,55,188,28,000003948,000062068
347,327,55,188,28,000003948,000062069
347,327,55,188,28,000003948,000062077
347,327,55,188,28,000003948,000062079
347,200,59,119,38,000004547,000062067
347,200,59,119,38,000004547,000062068
347,200,59,119,38,000004547,000062069
347,200,59,119,38,000004547,000062077
347,200,59,119,38,000004547,000062079
347,185,253,169,126,000002996,000062067
347,185,253,169,126,000002996,000062068
347,185,253,169,126,000002996,000062069
347,185,253,169,126,000002996,000062077
347,185,253,169,126,000002996,000062079
347,358,309,205,153,000005993,000062067
347,358,309,205,153,000005993,000062068
347,358,309,205,153,000005993,000062069
347,358,309,205,153,000005993,000062077
347,358,309,205,153,000005993,000062079
347,634,150,604,98,000016264,000062067
347,634,150,604,98,000016264,000062068
347,634,150,604,98,000016264,000062069
347,634,150,604,98,000016264,000062077
347,634,150,604,98,000016264,000062079
347,920,525,868,280,000012233,000062067
347,920,525,868,280,000012233,000062068
347,920,525,868,280,000012233,000062069
347,920,525,868,280,000012233,000062077
347,920,525,868,280,000012233,000062079
347,234,145,117,56,000002620,000062067
347,234,145,117,56,000002620,000062068
347,234,145,117,56,000002620,000062069
347,234,145,117,56,000002620,000062077
347,234,145,117,56,000002620,000062079
347,312,109,87,69,000000843,000062067
347,312,109,87,69,000000843,000062068
347,312,109,87,69,000000843,000062069
347,312,109,87,69,000000843,000062077
347,312,109,87,69,000000843,000062079
347,280,78,88,48,000002018,000062067
347,280,78,88,48,000002018,000062068
347,280,78,88,48,000002018,000062069
347,280,78,88,48,000002018,000062077
347,280,78,88,48,000002018,000062079
347,340,69,299,132,000002263,000062067
347,340,69,299,132,000002263,000062068
347,340,69,299,132,000002263,000062069
347,340,69,299,132,000002263,000062077
347,340,69,299,132,000002263,000062079
347,453,96,388,92,000016282,000062067
347,453,96,388,92,000016282,000062068
347,453,96,388,92,000016282,000062069
347,453,96,388,92,000016282,000062077
347,453,96,388,92,000016282,000062079
347,230,68,158,50,000008997,000062067
347,230,68,158,50,000008997,000062068
347,230,68,158,50,000008997,000062069
347,230,68,158,50,000008997,000062077
347,230,68,158,50,000008997,000062079
347,328,62,97,28,000330353,000062067
347,328,62,97,28,000330353,000062068
347,328,62,97,28,000330353,000062069
347,328,62,97,28,000330353,000062077
347,328,62,97,28,000330353,000062079
347,346,94,79,73,000014377,000062067
347,346,94,79,73,000014377,000062068
347,346,94,79,73,000014377,000062069
347,346,94,79,73,000014377,000062077
347,346,94,79,73,000014377,000062079
347,165,81,64,29,000010909,000062067
347,165,81,64,29,000010909,000062068
347,165,81,64,29,000010909,000062069
347,165,81,64,29,000010909,000062077
347,165,81,64,29,000010909,000062079
347,294,86,101,59,000329859,000062067
347,294,86,101,59,000329859,000062068
347,294,86,101,59,000329859,000062069
347,294,86,101,59,000329859,000062077
347,294,86,101,59,000329859,000062079
347,471,55,81,30,000000334,000062067
347,471,55,81,30,000000334,000062068
347,471,55,81,30,000000334,000062069
347,471,55,81,30,000000334,000062077
347,471,55,81,30,000000334,000062079
347,1326,392,1474,116,000013687,000062067
347,1326,392,1474,116,000013687,000062068
347,1326,392,1474,116,000013687,000062069
347,1326,392,1474,116,000013687,000062077
347,1326,392,1474,116,000013687,000062079
347,186,100,154,32,000004289,000062067
347,186,100,154,32,000004289,000062068
347,186,100,154,32,000004289,000062069
347,186,100,154,32,000004289,000062077
347,186,100,154,32,000004289,000062079
347,247,145,209,45,000008600,000062067
347,247,145,209,45,000008600,000062068
347,247,145,209,45,000008600,000062069
347,247,145,209,45,000008600,000062077
347,247,145,209,45,000008600,000062079
347,405,183,103,56,000017313,000062067
347,405,183,103,56,000017313,000062068
347,405,183,103,56,000017313,000062069
347,405,183,103,56,000017313,000062077
347,405,183,103,56,000017313,000062079
347,297,73,155,43,000009008,000062067
347,297,73,155,43,000009008,000062068
347,297,73,155,43,000009008,000062069
347,297,73,155,43,000009008,000062077
347,297,73,155,43,000009008,000062079
347,285,42,170,16,000005752,000062067
347,285,42,170,16,000005752,000062068
347,285,42,170,16,000005752,000062069
347,285,42,170,16,000005752,000062077
347,285,42,170,16,000005752,000062079
347,222,68,97,31,000007191,000062067
347,222,68,97,31,000007191,000062068
347,222,68,97,31,000007191,000062069
347,222,68,97,31,000007191,000062077
347,222,68,97,31,000007191,000062079
347,363,88,571,172,000005728,000062067
347,363,88,571,172,000005728,000062068
347,363,88,571,172,000005728,000062069
347,363,88,571,172,000005728,000062077
347,363,88,571,172,000005728,000062079
347,268,70,171,28,000001421,000062067
347,268,70,171,28,000001421,000062068
347,268,70,171,28,000001421,000062069
347,268,70,171,28,000001421,000062077
347,268,70,171,28,000001421,000062079
631,1478,408,707,229,000009422,000062832
631,1478,408,707,229,000009422,000062833
631,1478,408,707,229,000009422,000062834
631,1478,408,707,229,000009422,000062835
631,1478,408,707,229,000009422,000062836
631,1478,408,707,229,000009422,000062837
631,117,95,342,71,000002829,000062832
631,117,95,342,71,000002829,000062833
631,117,95,342,71,000002829,000062834
631,117,95,342,71,000002829,000062835
631,117,95,342,71,000002829,000062836
631,117,95,342,71,000002829,000062837
631,342,183,38,66,000012932,000062832
631,342,183,38,66,000012932,000062833
631,342,183,38,66,000012932,000062834
631,342,183,38,66,000012932,000062835
631,342,183,38,66,000012932,000062836
631,342,183,38,66,000012932,000062837
631,1391,528,1002,294,000011114,000062832
631,1391,528,1002,294,000011114,000062833
631,1391,528,1002,294,000011114,000062834
631,1391,528,1002,294,000011114,000062835
631,1391,528,1002,294,000011114,000062836
631,1391,528,1002,294,000011114,000062837
631,378,107,130,37,000008067,000062832
631,378,107,130,37,000008067,000062833
631,378,107,130,37,000008067,000062834
631,378,107,130,37,000008067,000062835
631,378,107,130,37,000008067,000062836
631,378,107,130,37,000008067,000062837
631,437,269,323,183,000001983,000062832
631,437,269,323,183,000001983,000062833
631,437,269,323,183,000001983,000062834
631,437,269,323,183,000001983,000062835
631,437,269,323,183,000001983,000062836
631,437,269,323,183,000001983,000062837
631,828,1067,423,381,000001549,000062832
631,828,1067,423,381,000001549,000062833
631,828,1067,423,381,000001549,000062834
631,828,1067,423,381,000001549,000062835
631,828,1067,423,381,000001549,000062836
631,828,1067,423,381,000001549,000062837
631,1638,487,533,216,000012897,000062832
631,1638,487,533,216,000012897,000062833
631,1638,487,533,216,000012897,000062834
631,1638,487,533,216,000012897,000062835
631,1638,487,533,216,000012897,000062836
631,1638,487,533,216,000012897,000062837
631,956,244,160,117,000014650,000062832
631,956,244,160,117,000014650,000062833
631,956,244,160,117,000014650,000062834
631,956,244,160,117,000014650,000062835
631,956,244,160,117,000014650,000062836
631,956,244,160,117,000014650,000062837
631,692,225,585,103,000005922,000062832
631,692,225,585,103,000005922,000062833
631,692,225,585,103,000005922,000062834
631,692,225,585,103,000005922,000062835
631,692,225,585,103,000005922,000062836
631,692,225,585,103,000005922,000062837
631,552,706,138,260,000003849,000062832
631,552,706,138,260,000003849,000062833
631,552,706,138,260,000003849,000062834
631,552,706,138,260,000003849,000062835
631,552,706,138,260,000003849,000062836
631,552,706,138,260,000003849,000062837
631,85,309,198,90,000011224,000062832
631,85,309,198,90,000011224,000062833
631,85,309,198,90,000011224,000062834
631,85,309,198,90,000011224,000062835
631,85,309,198,90,000011224,000062836
631,85,309,198,90,000011224,000062837
631,1157,304,194,218,000007201,000062832
631,1157,304,194,218,000007201,000062833
631,1157,304,194,218,000007201,000062834
631,1157,304,194,218,000007201,000062835
631,1157,304,194,218,000007201,000062836
631,1157,304,194,218,000007201,000062837
631,230,63,189,28,000000778,000062832
631,230,63,189,28,000000778,000062833
631,230,63,189,28,000000778,000062834
631,230,63,189,28,000000778,000062835
631,230,63,189,28,000000778,000062836
631,230,63,189,28,000000778,000062837
631,788,222,557,83,000013646,000062832
631,788,222,557,83,000013646,000062833
631,788,222,557,83,000013646,000062834
631,788,222,557,83,000013646,000062835
631,788,222,557,83,000013646,000062836
631,788,222,557,83,000013646,000062837
631,176,74,53,27,000013151,000062832
631,176,74,53,27,000013151,000062833
631,176,74,53,27,000013151,000062834
631,176,74,53,27,000013151,000062835
631,176,74,53,27,000013151,000062836
631,176,74,53,27,000013151,000062837
631,189,74,43,49,000002353,000062832
631,189,74,43,49,000002353,000062833
631,189,74,43,49,000002353,000062834
631,189,74,43,49,000002353,000062835
631,189,74,43,49,000002353,000062836
631,189,74,43,49,000002353,000062837
631,138,98,132,35,000008630,000062832
631,138,98,132,35,000008630,000062833
631,138,98,132,35,000008630,000062834
631,138,98,132,35,000008630,000062835
631,138,98,132,35,000008630,000062836
631,138,98,132,35,000008630,000062837
631,2517,420,752,149,000000370,000062832
631,2517,420,752,149,000000370,000062833
631,2517,420,752,149,000000370,000062834
631,2517,420,752,149,000000370,000062835
631,2517,420,752,149,000000370,000062836
631,2517,420,752,149,000000370,000062837
631,651,326,25,106,000009950,000062832
631,651,326,25,106,000009950,000062833
631,651,326,25,106,000009950,000062834
631,651,326,25,106,000009950,000062835
631,651,326,25,106,000009950,000062836
631,651,326,25,106,000009950,000062837
631,979,339,454,88,000008628,000062832
631,979,339,454,88,000008628,000062833
631,979,339,454,88,000008628,000062834
631,979,339,454,88,000008628,000062835
631,979,339,454,88,000008628,000062836
631,979,339,454,88,000008628,000062837
631,485,254,581,140,000012767,000062832
631,485,254,581,140,000012767,000062833
631,485,254,581,140,000012767,000062834
631,485,254,581,140,000012767,000062835
631,485,254,581,140,000012767,000062836
631,485,254,581,140,000012767,000062837
631,1655,257,652,100,000010929,000062832
631,1655,257,652,100,000010929,000062833
631,1655,257,652,100,000010929,000062834
631,1655,257,652,100,000010929,000062835
631,1655,257,652,100,000010929,000062836
631,1655,257,652,100,000010929,000062837
631,447,142,442,51,000004852,000062832
631,447,142,442,51,000004852,000062833
631,447,142,442,51,000004852,000062834
631,447,142,442,51,000004852,000062835
631,447,142,442,51,000004852,000062836
631,447,142,442,51,000004852,000062837
631,699,286,1189,117,000005843,000062832
631,699,286,1189,117,000005843,000062833
631,699,286,1189,117,000005843,000062834
631,699,286,1189,117,000005843,000062835
631,699,286,1189,117,000005843,000062836
631,699,286,1189,117,000005843,000062837
631,332,234,225,84,000015959,000062832
631,332,234,225,84,000015959,000062833
631,332,234,225,84,000015959,000062834
631,332,234,225,84,000015959,000062835
631,332,234,225,84,000015959,000062836
631,332,234,225,84,000015959,000062837
631,895,355,245,130,000007529,000062832
631,895,355,245,130,000007529,000062833
631,895,355,245,130,000007529,000062834
631,895,355,245,130,000007529,000062835
631,895,355,245,130,000007529,000062836
631,895,355,245,130,000007529,000062837
631,815,180,135,63,000002770,000062832
631,815,180,135,63,000002770,000062833
631,815,180,135,63,000002770,000062834
631,815,180,135,63,000002770,000062835
631,815,180,135,63,000002770,000062836
631,815,180,135,63,000002770,000062837
