id,left,width,top,height,cons_path,shop_path
16,304,493,492,760,000001202,000051528
16,304,493,492,760,000001202,000051529
16,304,493,492,760,000001202,000051530
16,304,493,492,760,000001202,000051531
12315,588,475,288,512,000016980,000056438
12315,588,475,288,512,000016980,000056439
12315,588,475,288,512,000016980,000056440
12315,588,475,288,512,000016980,000056441
12315,201,249,389,335,000011369,000056438
12315,201,249,389,335,000011369,000056439
12315,201,249,389,335,000011369,000056440
12315,201,249,389,335,000011369,000056441
45,855,1659,1157,1245,000008722,000051516
45,855,1659,1157,1245,000008722,000051517
45,855,1659,1157,1245,000008722,000051518
45,633,1806,982,2112,000004126,000051516
45,633,1806,982,2112,000004126,000051517
45,633,1806,982,2112,000004126,000051518
22576,693,473,1113,910,000004657,000020394
22576,693,473,1113,910,000004657,000020395
22576,693,473,1113,910,000004657,000020396
22576,693,473,1113,910,000004657,000020397
22576,693,473,1113,910,000004657,000020398
22576,3,327,220,413,000013181,000020394
22576,3,327,220,413,000013181,000020395
22576,3,327,220,413,000013181,000020396
22576,3,327,220,413,000013181,000020397
22576,3,327,220,413,000013181,000020398
22576,1953,9,1522,9,000004780,000020394
22576,716,9,1531,9,000004780,000020394
22576,751,1291,1540,1603,000004780,000020394
22576,1953,9,1522,9,000004780,000020395
22576,716,9,1531,9,000004780,000020395
22576,751,1291,1540,1603,000004780,000020395
22576,1953,9,1522,9,000004780,000020396
22576,716,9,1531,9,000004780,000020396
22576,751,1291,1540,1603,000004780,000020396
22576,1953,9,1522,9,000004780,000020397
22576,716,9,1531,9,000004780,000020397
22576,751,1291,1540,1603,000004780,000020397
22576,1953,9,1522,9,000004780,000020398
22576,716,9,1531,9,000004780,000020398
22576,751,1291,1540,1603,000004780,000020398
22576,152,1697,1580,1658,000003723,000020394
22576,152,1697,1580,1658,000003723,000020395
22576,152,1697,1580,1658,000003723,000020396
22576,152,1697,1580,1658,000003723,000020397
22576,152,1697,1580,1658,000003723,000020398
12338,600,881,646,1015,000330063,000058952
12338,600,881,646,1015,000330063,000058953
12338,600,881,646,1015,000330063,000058954
12338,600,881,646,1015,000330063,000058955
12338,839,1143,87,1440,000014154,000058952
12338,839,1143,87,1440,000014154,000058953
12338,839,1143,87,1440,000014154,000058954
12338,839,1143,87,1440,000014154,000058955
10306,816,146,1457,408,000005860,000052983
10306,816,146,1457,408,000005860,000052985
10306,816,146,1457,408,000005860,000052986
10306,816,146,1457,408,000005860,000052987
10306,130,202,142,167,000098478,000052983
10306,130,202,142,167,000098478,000052985
10306,130,202,142,167,000098478,000052986
10306,130,202,142,167,000098478,000052987
14403,1305,341,647,779,000007363,000060174
14403,1305,341,647,779,000007363,000060176
14403,1305,341,647,779,000007363,000060178
14403,1066,321,1462,682,000016945,000060174
14403,1066,321,1462,682,000016945,000060176
14403,1066,321,1462,682,000016945,000060178
14403,528,134,342,507,000001987,000060174
14403,528,134,342,507,000001987,000060176
14403,528,134,342,507,000001987,000060178
14403,274,1395,488,2381,000006825,000060174
14403,274,1395,488,2381,000006825,000060176
14403,274,1395,488,2381,000006825,000060178
8272,1260,190,1270,205,000005139,000063490
8272,910,240,605,125,000005139,000063490
8272,1260,190,1270,205,000005139,000063491
8272,910,240,605,125,000005139,000063491
8272,1260,190,1270,205,000005139,000063492
8272,910,240,605,125,000005139,000063492
8272,246,44,157,158,000007852,000063490
8272,246,44,157,158,000007852,000063491
8272,246,44,157,158,000007852,000063492
8272,95,175,223,203,000006676,000063490
8272,95,175,223,203,000006676,000063491
8272,95,175,223,203,000006676,000063492
8272,200,1102,5,1301,000007959,000063490
8272,200,1102,5,1301,000007959,000063491
8272,200,1102,5,1301,000007959,000063492
8272,63,212,112,264,000009015,000063490
8272,63,212,112,264,000009015,000063491
8272,63,212,112,264,000009015,000063492
8272,127,205,117,218,000009230,000063490
8272,127,205,117,218,000009230,000063491
8272,127,205,117,218,000009230,000063492
8272,312,408,425,427,000003407,000063490
8272,312,408,425,427,000003407,000063491
8272,312,408,425,427,000003407,000063492
8272,139,107,141,140,000007397,000063490
8272,139,107,141,140,000007397,000063491
8272,139,107,141,140,000007397,000063492
8272,850,770,885,706,000000314,000063490
8272,850,770,885,706,000000314,000063491
8272,850,770,885,706,000000314,000063492
22618,437,234,95,177,000003113,000046165
22618,83,257,83,189,000003113,000046165
22618,437,234,95,177,000003113,000046166
22618,83,257,83,189,000003113,000046166
14427,779,420,874,392,000017612,000056815
14427,779,420,874,392,000017612,000056816
14427,779,420,874,392,000017612,000056817
14427,779,420,874,392,000017612,000056818
14427,672,352,580,576,000098729,000056815
14427,672,352,580,576,000098729,000056816
14427,672,352,580,576,000098729,000056817
14427,672,352,580,576,000098729,000056818
14427,662,286,186,378,000008928,000056815
14427,662,286,186,378,000008928,000056816
14427,662,286,186,378,000008928,000056817
14427,662,286,186,378,000008928,000056818
14427,261,142,385,192,000018067,000056815
14427,261,142,385,192,000018067,000056816
14427,261,142,385,192,000018067,000056817
14427,261,142,385,192,000018067,000056818
30812,483,535,277,899,000329840,000049805
30812,483,535,277,899,000329840,000049806
30812,483,535,277,899,000329840,000049807
30812,566,433,721,552,000012677,000049805
30812,566,433,721,552,000012677,000049806
30812,566,433,721,552,000012677,000049807
16484,431,997,1188,1263,000007943,000049280
16484,431,997,1188,1263,000007943,000049281
16484,431,997,1188,1263,000007943,000049282
16484,576,1608,797,1271,000018829,000049280
16484,576,1608,797,1271,000018829,000049281
16484,576,1608,797,1271,000018829,000049282
16484,813,796,717,1142,000011670,000049280
16484,813,796,717,1142,000011670,000049281
16484,813,796,717,1142,000011670,000049282
16484,818,766,1386,759,000098723,000049280
16484,818,766,1386,759,000098723,000049281
16484,818,766,1386,759,000098723,000049282
16484,452,158,251,272,000330060,000049280
16484,452,158,251,272,000330060,000049281
16484,452,158,251,272,000330060,000049282
26732,746,1234,1708,1001,000010495,000045717
26732,746,1234,1708,1001,000010495,000045718
26732,746,1234,1708,1001,000010495,000045719
30842,1340,137,262,214,000329907,000048151
30842,1340,137,262,214,000329907,000048152
30842,1340,137,262,214,000329907,000048153
30842,219,180,126,186,000014637,000048151
30842,219,180,126,186,000014637,000048152
30842,219,180,126,186,000014637,000048153
30842,515,410,552,533,000007147,000048151
30842,515,410,552,533,000007147,000048152
30842,515,410,552,533,000007147,000048153
30842,1600,591,685,391,000013539,000048151
30842,1600,591,685,391,000013539,000048152
30842,1600,591,685,391,000013539,000048153
30842,585,443,424,619,000017258,000048151
30842,585,443,424,619,000017258,000048152
30842,585,443,424,619,000017258,000048153
30852,147,245,250,211,000002182,000042382
30852,147,245,250,211,000002182,000042383
30852,147,245,250,211,000002182,000042384
30852,147,245,250,211,000002182,000042385
30852,147,245,250,211,000002182,000042386
30852,292,348,408,546,000004083,000042382
30852,292,348,408,546,000004083,000042383
30852,292,348,408,546,000004083,000042384
30852,292,348,408,546,000004083,000042385
30852,292,348,408,546,000004083,000042386
24721,189,212,284,324,000007205,000063807
26784,725,520,805,800,000018591,000019821
26784,725,520,805,800,000018591,000019822
26784,725,520,805,800,000018591,000019823
26784,725,520,805,800,000018591,000019824
26784,868,712,180,1609,000015516,000019821
26784,868,712,180,1609,000015516,000019822
26784,868,712,180,1609,000015516,000019823
26784,868,712,180,1609,000015516,000019824
20641,9,792,409,545,000251547,000053778
20641,9,792,409,545,000251547,000053779
20641,9,792,409,545,000251547,000053780
20641,9,792,409,545,000251547,000053781
20641,147,409,237,400,000003001,000053778
20641,147,409,237,400,000003001,000053779
20641,147,409,237,400,000003001,000053780
20641,147,409,237,400,000003001,000053781
14524,284,150,171,155,000008141,000043382
14524,284,150,171,155,000008141,000043383
14524,284,150,171,155,000008141,000043384
14524,646,713,494,1041,000010323,000043382
14524,646,713,494,1041,000010323,000043383
14524,646,713,494,1041,000010323,000043384
8385,248,450,590,548,000004912,000056446
8385,248,450,590,548,000004912,000056447
8385,248,450,590,548,000004912,000056448
8385,75,283,115,148,000001806,000056446
8385,75,283,115,148,000001806,000056447
8385,75,283,115,148,000001806,000056448
10455,233,1042,386,785,000018409,000021007
10455,233,1042,386,785,000018409,000021008
10455,233,1042,386,785,000018409,000021009
10455,233,1042,386,785,000018409,000021010
10455,233,1042,386,785,000018409,000021011
18663,59,1085,2042,1880,000100672,000019487
18663,59,1085,2042,1880,000100672,000019488
18663,59,1085,2042,1880,000100672,000019489
18663,59,1085,2042,1880,000100672,000019490
18663,236,320,354,534,000009922,000019487
18663,914,599,708,115,000009922,000019487
18663,236,320,354,534,000009922,000019488
18663,914,599,708,115,000009922,000019488
18663,236,320,354,534,000009922,000019489
18663,914,599,708,115,000009922,000019489
18663,236,320,354,534,000009922,000019490
18663,914,599,708,115,000009922,000019490
18663,31,149,106,241,000018009,000019487
18663,31,149,106,241,000018009,000019488
18663,31,149,106,241,000018009,000019489
18663,31,149,106,241,000018009,000019490
18663,11,1077,915,1296,000010534,000019487
18663,11,1077,915,1296,000010534,000019488
18663,11,1077,915,1296,000010534,000019489
18663,11,1077,915,1296,000010534,000019490
18663,164,299,124,180,000010464,000019487
18663,164,299,124,180,000010464,000019488
18663,164,299,124,180,000010464,000019489
18663,164,299,124,180,000010464,000019490
18663,7,803,552,763,000329938,000019487
18663,7,803,552,763,000329938,000019488
18663,7,803,552,763,000329938,000019489
18663,7,803,552,763,000329938,000019490
18663,1103,750,518,769,000098780,000019487
18663,287,528,480,788,000098780,000019487
18663,1103,750,518,769,000098780,000019488
18663,287,528,480,788,000098780,000019488
18663,1103,750,518,769,000098780,000019489
18663,287,528,480,788,000098780,000019489
18663,1103,750,518,769,000098780,000019490
18663,287,528,480,788,000098780,000019490
18663,333,515,333,940,000015782,000019487
18663,333,515,333,940,000015782,000019488
18663,333,515,333,940,000015782,000019489
18663,333,515,333,940,000015782,000019490
18663,223,210,296,282,000009471,000019487
18663,223,210,296,282,000009471,000019488
18663,223,210,296,282,000009471,000019489
18663,223,210,296,282,000009471,000019490
18663,731,581,497,858,000016096,000019487
18663,731,581,497,858,000016096,000019488
18663,731,581,497,858,000016096,000019489
18663,731,581,497,858,000016096,000019490
18663,112,790,477,654,000330491,000019487
18663,112,790,477,654,000330491,000019488
18663,112,790,477,654,000330491,000019489
18663,112,790,477,654,000330491,000019490
18663,1224,682,803,1287,000007880,000019487
18663,1224,682,803,1287,000007880,000019488
18663,1224,682,803,1287,000007880,000019489
18663,1224,682,803,1287,000007880,000019490
18663,223,940,21,1003,000005292,000019487
18663,223,940,21,1003,000005292,000019488
18663,223,940,21,1003,000005292,000019489
18663,223,940,21,1003,000005292,000019490
18663,606,1411,746,1399,000015960,000019487
18663,606,1411,746,1399,000015960,000019488
18663,606,1411,746,1399,000015960,000019489
18663,606,1411,746,1399,000015960,000019490
18663,780,810,816,1241,000001905,000019487
18663,780,810,816,1241,000001905,000019488
18663,780,810,816,1241,000001905,000019489
18663,780,810,816,1241,000001905,000019490
18663,2,452,6,469,000015714,000019487
18663,2,452,6,469,000015714,000019488
18663,2,452,6,469,000015714,000019489
18663,2,452,6,469,000015714,000019490
18663,469,617,351,665,000008146,000019487
18663,469,617,351,665,000008146,000019488
18663,469,617,351,665,000008146,000019489
18663,469,617,351,665,000008146,000019490
18663,234,1021,694,1354,000007444,000019487
18663,234,1021,694,1354,000007444,000019488
18663,234,1021,694,1354,000007444,000019489
18663,234,1021,694,1354,000007444,000019490
30956,1005,408,734,587,000005551,000051720
30956,1005,408,734,587,000005551,000051721
30956,1005,408,734,587,000005551,000051722
30956,1005,408,734,587,000005551,000051723
30956,952,687,1153,921,000014278,000051720
30956,952,687,1153,921,000014278,000051721
30956,952,687,1153,921,000014278,000051722
30956,952,687,1153,921,000014278,000051723
30956,827,1026,711,863,000016437,000051720
30956,827,1026,711,863,000016437,000051721
30956,827,1026,711,863,000016437,000051722
30956,827,1026,711,863,000016437,000051723
30956,602,586,450,686,000001232,000051720
30956,602,586,450,686,000001232,000051721
30956,602,586,450,686,000001232,000051722
30956,602,586,450,686,000001232,000051723
37101,521,777,382,769,000013261,000055058
37101,521,777,382,769,000013261,000055060
37101,521,777,382,769,000013261,000055062
37101,521,777,382,769,000013261,000055064
20744,269,223,144,225,000006343,000055042
20744,269,223,144,225,000006343,000055043
20744,269,223,144,225,000006343,000055044
20744,269,223,144,225,000006343,000055045
20744,88,249,171,333,000009539,000055042
20744,88,249,171,333,000009539,000055043
20744,88,249,171,333,000009539,000055044
20744,88,249,171,333,000009539,000055045
20744,54,946,219,224,000007291,000055042
20744,54,946,219,224,000007291,000055043
20744,54,946,219,224,000007291,000055044
20744,54,946,219,224,000007291,000055045
20744,908,526,1146,1110,000013614,000055042
20744,908,526,1146,1110,000013614,000055043
20744,908,526,1146,1110,000013614,000055044
20744,908,526,1146,1110,000013614,000055045
20744,219,305,192,254,000001671,000055042
20744,219,305,192,254,000001671,000055043
20744,219,305,192,254,000001671,000055044
20744,219,305,192,254,000001671,000055045
20744,336,388,557,208,000002982,000055042
20744,336,388,557,208,000002982,000055043
20744,336,388,557,208,000002982,000055044
20744,336,388,557,208,000002982,000055045
20744,305,355,264,275,000006958,000055042
20744,305,355,264,275,000006958,000055043
20744,305,355,264,275,000006958,000055044
20744,305,355,264,275,000006958,000055045
20744,903,741,885,671,000013945,000055042
20744,903,741,885,671,000013945,000055043
20744,903,741,885,671,000013945,000055044
20744,903,741,885,671,000013945,000055045
20744,504,1705,714,1305,000016893,000055042
20744,504,1705,714,1305,000016893,000055043
20744,504,1705,714,1305,000016893,000055044
20744,504,1705,714,1305,000016893,000055045
20744,345,421,560,425,000012827,000055042
20744,345,421,560,425,000012827,000055043
20744,345,421,560,425,000012827,000055044
20744,345,421,560,425,000012827,000055045
20744,243,347,263,275,000008933,000055042
20744,243,347,263,275,000008933,000055043
20744,243,347,263,275,000008933,000055044
20744,243,347,263,275,000008933,000055045
20744,989,529,1596,413,000013999,000055042
20744,989,529,1596,413,000013999,000055043
20744,989,529,1596,413,000013999,000055044
20744,989,529,1596,413,000013999,000055045
20744,739,1245,578,666,000018422,000055042
20744,739,1245,578,666,000018422,000055043
20744,739,1245,578,666,000018422,000055044
20744,739,1245,578,666,000018422,000055045
20744,316,243,135,255,000016322,000055042
20744,316,243,135,255,000016322,000055043
20744,316,243,135,255,000016322,000055044
20744,316,243,135,255,000016322,000055045
6408,150,197,96,180,000001565,000050930
6408,150,197,96,180,000001565,000050931
6408,150,197,96,180,000001565,000050932
6408,148,290,323,261,000016460,000050930
6408,148,290,323,261,000016460,000050931
6408,148,290,323,261,000016460,000050932
6408,337,411,334,408,000002772,000050930
6408,337,411,334,408,000002772,000050931
6408,337,411,334,408,000002772,000050932
6408,112,229,135,125,000007544,000050930
6408,112,229,135,125,000007544,000050931
6408,112,229,135,125,000007544,000050932
6408,325,941,642,769,000016730,000050930
6408,325,941,642,769,000016730,000050931
6408,325,941,642,769,000016730,000050932
269,159,277,78,389,000008529,000056695
269,650,98,159,286,000008529,000056695
269,159,277,78,389,000008529,000056697
269,650,98,159,286,000008529,000056697
269,779,259,409,424,000003481,000056695
269,779,259,409,424,000003481,000056697
269,822,1152,279,1010,000013824,000056695
269,822,1152,279,1010,000013824,000056697
269,437,103,519,75,000007287,000056695
269,437,103,519,75,000007287,000056697
269,2258,1556,839,1321,000015441,000056695
269,2258,1556,839,1321,000015441,000056697
10524,146,1481,872,1794,000330530,000332794
10524,146,1481,872,1794,000330530,000332795
16670,314,1184,437,1300,000001150,000048869
16670,314,1184,437,1300,000001150,000048870
16670,314,1184,437,1300,000001150,000048871
16670,314,1184,437,1300,000001150,000048872
24885,167,178,125,126,000002069,000053851
24885,167,178,125,126,000002069,000053852
24885,167,178,125,126,000002069,000053853
24885,167,178,125,126,000002069,000053854
24886,798,787,687,1020,000004668,000057691
24886,798,787,687,1020,000004668,000057693
24886,798,787,687,1020,000004668,000057694
24886,798,787,687,1020,000004668,000057696
24886,1,216,346,474,000003732,000057691
24886,1,216,346,474,000003732,000057693
24886,1,216,346,474,000003732,000057694
24886,1,216,346,474,000003732,000057696
37183,1346,569,508,459,000006879,000054958
37183,1346,569,508,459,000006879,000054959
37183,1346,569,508,459,000006879,000054960
37183,1346,569,508,459,000006879,000054961
37183,390,129,195,162,000018035,000054958
37183,390,129,195,162,000018035,000054959
37183,390,129,195,162,000018035,000054960
37183,390,129,195,162,000018035,000054961
6478,921,421,948,604,000017236,000052068
6478,921,421,948,604,000017236,000052069
6478,921,421,948,604,000017236,000052070
6478,921,421,948,604,000017236,000052071
6478,2653,583,1634,558,000016865,000052068
6478,2653,583,1634,558,000016865,000052069
6478,2653,583,1634,558,000016865,000052070
6478,2653,583,1634,558,000016865,000052071
26984,227,415,346,413,000004371,000044883
26984,227,415,346,413,000004371,000044884
26984,227,415,346,413,000004371,000044885
26984,227,415,346,413,000004371,000044886
26984,227,415,346,413,000004371,000097326
35195,179,98,130,170,000015606,000020235
35195,179,98,130,170,000015606,000020236
35195,179,98,130,170,000015606,000020238
35195,616,603,1976,826,000007558,000020235
35195,616,603,1976,826,000007558,000020236
35195,616,603,1976,826,000007558,000020238
10667,201,196,123,303,000008444,000044038
10667,201,196,123,303,000008444,000044039
10667,201,196,123,303,000008444,000044041
18867,244,256,260,311,000010680,000056495
18867,244,256,260,311,000010680,000056496
18867,244,256,260,311,000010680,000056497
35281,138,150,153,106,000329777,000043068
35281,138,150,153,106,000329777,000043069
35281,138,150,153,106,000329777,000043071
35281,138,150,153,106,000329777,000043073
16858,80,732,368,509,000001655,000063172
16858,80,732,368,509,000001655,000063173
16858,80,732,368,509,000001655,000063174
16858,413,1563,314,1906,000011076,000063172
16858,413,1563,314,1906,000011076,000063173
16858,413,1563,314,1906,000011076,000063174
16858,123,2020,1272,2457,000006563,000063172
16858,123,2020,1272,2457,000006563,000063173
16858,123,2020,1272,2457,000006563,000063174
16858,1025,991,530,1067,000011723,000063172
16858,1025,991,530,1067,000011723,000063173
16858,1025,991,530,1067,000011723,000063174
25060,905,332,843,467,000014535,000020178
25060,51,519,44,574,000014535,000020178
25060,905,332,843,467,000014535,000020179
25060,51,519,44,574,000014535,000020179
25060,905,332,843,467,000014535,000020180
25060,51,519,44,574,000014535,000020180
25060,586,1019,871,1433,000010216,000020178
25060,586,1019,871,1433,000010216,000020179
25060,586,1019,871,1433,000010216,000020180
20977,27,302,168,318,000017672,000055101
20977,372,328,97,506,000017672,000055101
20977,27,302,168,318,000017672,000055102
20977,372,328,97,506,000017672,000055102
20977,27,302,168,318,000017672,000055103
20977,372,328,97,506,000017672,000055103
12787,99,373,278,331,000016050,000056396
12787,99,373,278,331,000016050,000056397
12787,313,167,257,160,000003349,000056396
12787,313,167,257,160,000003349,000056397
29176,230,1924,1704,1752,000001908,000043454
29176,230,1924,1704,1752,000001908,000043455
29176,230,1924,1704,1752,000001908,000043456
27170,402,531,2109,747,000098551,000100334
31291,330,275,150,450,000018501,000038695
31291,330,275,150,450,000018501,000038696
31291,330,275,150,450,000018501,000038697
31291,68,256,349,291,000002471,000038695
31291,68,256,349,291,000002471,000038696
31291,68,256,349,291,000002471,000038697
31291,85,367,0,516,000018431,000038695
31291,85,367,0,516,000018431,000038696
31291,85,367,0,516,000018431,000038697
31291,641,997,81,1732,000017358,000038695
31291,641,997,81,1732,000017358,000038696
31291,641,997,81,1732,000017358,000038697
19009,217,74,181,102,000018765,000054803
19009,217,74,181,102,000018765,000054804
19009,217,74,181,102,000018765,000054805
25156,332,392,388,389,000251570,000054188
25156,332,392,388,389,000251570,000054189
25156,332,392,388,389,000251570,000054190
25156,332,392,388,389,000251570,000054191
25156,48,1521,593,1008,000018777,000054188
25156,48,1521,593,1008,000018777,000054189
25156,48,1521,593,1008,000018777,000054190
25156,48,1521,593,1008,000018777,000054191
25156,323,1135,426,889,000100633,000054188
25156,323,1135,426,889,000100633,000054189
25156,323,1135,426,889,000100633,000054190
25156,323,1135,426,889,000100633,000054191
25156,328,912,985,641,000006239,000054188
25156,328,912,985,641,000006239,000054189
25156,328,912,985,641,000006239,000054190
25156,328,912,985,641,000006239,000054191
25156,549,1773,1080,1376,000000542,000054188
25156,549,1773,1080,1376,000000542,000054189
25156,549,1773,1080,1376,000000542,000054190
25156,549,1773,1080,1376,000000542,000054191
25156,227,261,176,124,000010758,000054188
25156,227,261,176,124,000010758,000054189
25156,227,261,176,124,000010758,000054190
25156,227,261,176,124,000010758,000054191
25156,296,673,442,684,000003475,000054188
25156,296,673,442,684,000003475,000054189
25156,296,673,442,684,000003475,000054190
25156,296,673,442,684,000003475,000054191
25156,515,1015,445,605,000009891,000054188
25156,515,1015,445,605,000009891,000054189
25156,515,1015,445,605,000009891,000054190
25156,515,1015,445,605,000009891,000054191
25156,530,789,939,465,000005544,000054188
25156,530,789,939,465,000005544,000054189
25156,530,789,939,465,000005544,000054190
25156,530,789,939,465,000005544,000054191
25156,804,1026,944,665,000008753,000054188
25156,804,1026,944,665,000008753,000054189
25156,804,1026,944,665,000008753,000054190
25156,804,1026,944,665,000008753,000054191
25156,487,722,860,1438,000001188,000054188
25156,487,722,860,1438,000001188,000054189
25156,487,722,860,1438,000001188,000054190
25156,487,722,860,1438,000001188,000054191
25156,176,167,153,185,000007538,000054188
25156,176,167,153,185,000007538,000054189
25156,176,167,153,185,000007538,000054190
25156,176,167,153,185,000007538,000054191
25156,336,747,621,622,000098479,000054188
25156,336,747,621,622,000098479,000054189
25156,336,747,621,622,000098479,000054190
25156,336,747,621,622,000098479,000054191
25156,336,129,162,139,000009077,000054188
25156,336,129,162,139,000009077,000054189
25156,336,129,162,139,000009077,000054190
25156,336,129,162,139,000009077,000054191
25156,233,182,143,132,000015450,000054188
25156,233,182,143,132,000015450,000054189
25156,233,182,143,132,000015450,000054190
25156,233,182,143,132,000015450,000054191
25156,93,496,381,361,000010108,000054188
25156,93,496,381,361,000010108,000054189
25156,93,496,381,361,000010108,000054190
25156,93,496,381,361,000010108,000054191
23145,1093,355,688,651,000330343,000040299
23145,1093,355,688,651,000330343,000040301
23145,1093,355,688,651,000330343,000040303
37486,959,1132,2021,2472,000016933,000058529
37486,959,1132,2021,2472,000016933,000058530
37486,959,1132,2021,2472,000016933,000058531
33395,194,244,265,332,000000154,000041436
33395,194,244,265,332,000000154,000041438
33395,194,244,265,332,000000154,000041440
33395,194,244,265,332,000000154,000041442
33395,194,244,265,332,000000154,000097301
33395,67,163,278,159,000012585,000041436
33395,552,110,245,104,000012585,000041436
33395,67,163,278,159,000012585,000041438
33395,552,110,245,104,000012585,000041438
33395,67,163,278,159,000012585,000041440
33395,552,110,245,104,000012585,000041440
33395,67,163,278,159,000012585,000041442
33395,552,110,245,104,000012585,000041442
33395,67,163,278,159,000012585,000097301
33395,552,110,245,104,000012585,000097301
33395,20,463,409,591,000009159,000041436
33395,20,463,409,591,000009159,000041438
33395,20,463,409,591,000009159,000041440
33395,20,463,409,591,000009159,000041442
33395,20,463,409,591,000009159,000097301
33395,447,425,1335,429,000015594,000041436
33395,447,425,1335,429,000015594,000041438
33395,447,425,1335,429,000015594,000041440
33395,447,425,1335,429,000015594,000041442
33395,447,425,1335,429,000015594,000097301
33395,457,502,29,703,000013256,000041436
33395,457,502,29,703,000013256,000041438
33395,457,502,29,703,000013256,000041440
33395,457,502,29,703,000013256,000041442
33395,457,502,29,703,000013256,000097301
33395,400,968,362,1298,000363653,000041436
33395,400,968,362,1298,000363653,000041438
33395,400,968,362,1298,000363653,000041440
33395,400,968,362,1298,000363653,000041442
33395,400,968,362,1298,000363653,000097301
33395,543,618,598,912,000004295,000041436
33395,543,618,598,912,000004295,000041438
33395,543,618,598,912,000004295,000041440
33395,543,618,598,912,000004295,000041442
33395,543,618,598,912,000004295,000097301
33395,6,634,289,671,000001380,000041436
33395,6,634,289,671,000001380,000041438
33395,6,634,289,671,000001380,000041440
33395,6,634,289,671,000001380,000041442
33395,6,634,289,671,000001380,000097301
33395,402,840,909,1015,000004857,000041436
33395,402,840,909,1015,000004857,000041438
33395,402,840,909,1015,000004857,000041440
33395,402,840,909,1015,000004857,000041442
33395,402,840,909,1015,000004857,000097301
33395,27,613,303,334,000007174,000041436
33395,27,613,303,334,000007174,000041438
33395,27,613,303,334,000007174,000041440
33395,27,613,303,334,000007174,000041442
33395,27,613,303,334,000007174,000097301
33395,227,229,147,337,000004172,000041436
33395,454,2,483,2,000004172,000041436
33395,227,229,147,337,000004172,000041438
33395,454,2,483,2,000004172,000041438
33395,227,229,147,337,000004172,000041440
33395,454,2,483,2,000004172,000041440
33395,227,229,147,337,000004172,000041442
33395,454,2,483,2,000004172,000041442
33395,227,229,147,337,000004172,000097301
33395,454,2,483,2,000004172,000097301
33395,347,209,451,209,000000733,000041436
33395,347,209,451,209,000000733,000041438
33395,347,209,451,209,000000733,000041440
33395,347,209,451,209,000000733,000041442
33395,347,209,451,209,000000733,000097301
33395,546,815,77,701,000016606,000041436
33395,546,815,77,701,000016606,000041438
33395,546,815,77,701,000016606,000041440
33395,546,815,77,701,000016606,000041442
33395,546,815,77,701,000016606,000097301
33395,1499,1381,2636,1059,000003325,000041436
33395,315,1100,529,1349,000003325,000041436
33395,1482,1321,17,2578,000003325,000041436
33395,1499,1381,2636,1059,000003325,000041438
33395,315,1100,529,1349,000003325,000041438
33395,1482,1321,17,2578,000003325,000041438
33395,1499,1381,2636,1059,000003325,000041440
33395,315,1100,529,1349,000003325,000041440
33395,1482,1321,17,2578,000003325,000041440
33395,1499,1381,2636,1059,000003325,000041442
33395,315,1100,529,1349,000003325,000041442
33395,1482,1321,17,2578,000003325,000041442
33395,1499,1381,2636,1059,000003325,000097301
33395,315,1100,529,1349,000003325,000097301
33395,1482,1321,17,2578,000003325,000097301
33395,524,916,687,1353,000011570,000041436
33395,524,916,687,1353,000011570,000041438
33395,524,916,687,1353,000011570,000041440
33395,524,916,687,1353,000011570,000041442
33395,524,916,687,1353,000011570,000097301
33395,16,663,362,689,000002082,000041436
33395,16,663,362,689,000002082,000041438
33395,16,663,362,689,000002082,000041440
33395,16,663,362,689,000002082,000041442
33395,16,663,362,689,000002082,000097301
33395,292,130,144,231,000009921,000041436
33395,292,130,144,231,000009921,000041438
33395,292,130,144,231,000009921,000041440
33395,292,130,144,231,000009921,000041442
33395,292,130,144,231,000009921,000097301
33395,139,1190,1264,1778,000009153,000041436
33395,139,1190,1264,1778,000009153,000041438
33395,139,1190,1264,1778,000009153,000041440
33395,139,1190,1264,1778,000009153,000041442
33395,139,1190,1264,1778,000009153,000097301
29307,869,842,1296,1220,000002268,000053917
29307,869,842,1296,1220,000002268,000053918
29307,869,842,1296,1220,000002268,000053919
29307,869,842,1296,1220,000002268,000053920
29307,869,842,1296,1220,000002268,000097313
29307,23,1009,547,1079,000007551,000053917
29307,1008,6,734,6,000007551,000053917
29307,23,1009,547,1079,000007551,000053918
29307,1008,6,734,6,000007551,000053918
29307,23,1009,547,1079,000007551,000053919
29307,1008,6,734,6,000007551,000053919
29307,23,1009,547,1079,000007551,000053920
29307,1008,6,734,6,000007551,000053920
29307,23,1009,547,1079,000007551,000097313
29307,1008,6,734,6,000007551,000097313
29307,270,377,438,677,000018685,000053917
29307,270,377,438,677,000018685,000053918
29307,270,377,438,677,000018685,000053919
29307,270,377,438,677,000018685,000053920
29307,270,377,438,677,000018685,000097313
29307,223,706,501,820,000003614,000053917
29307,223,706,501,820,000003614,000053918
29307,223,706,501,820,000003614,000053919
29307,223,706,501,820,000003614,000053920
29307,223,706,501,820,000003614,000097313
29307,694,943,705,1257,000004609,000053917
29307,694,943,705,1257,000004609,000053918
29307,694,943,705,1257,000004609,000053919
29307,694,943,705,1257,000004609,000053920
29307,694,943,705,1257,000004609,000097313
29307,802,2236,1699,1514,000002908,000053917
29307,802,2236,1699,1514,000002908,000053918
29307,802,2236,1699,1514,000002908,000053919
29307,802,2236,1699,1514,000002908,000053920
29307,802,2236,1699,1514,000002908,000097313
21115,388,2016,929,3011,000009354,000045103
21115,388,2016,929,3011,000009354,000045104
21115,388,2016,929,3011,000009354,000045105
21115,427,691,414,750,000001260,000045103
21115,427,691,414,750,000001260,000045104
21115,427,691,414,750,000001260,000045105
21115,84,528,189,423,000014798,000045103
21115,84,528,189,423,000014798,000045104
21115,84,528,189,423,000014798,000045105
2698,185,104,129,93,000009215,000083320
2698,185,104,129,93,000009215,000083321
2698,185,104,129,93,000009215,000083322
8872,274,592,848,689,000008313,000038889
8872,274,592,848,689,000008313,000038891
8872,274,592,848,689,000008313,000038893
8872,176,349,272,553,000018057,000038889
8872,176,349,272,553,000018057,000038891
8872,176,349,272,553,000018057,000038893
8872,236,371,378,408,000010420,000038889
8872,236,371,378,408,000010420,000038891
8872,236,371,378,408,000010420,000038893
2753,21,1262,473,1535,000014294,000056414
2753,21,1262,473,1535,000014294,000056415
2753,21,1262,473,1535,000014294,000056416
2753,21,1262,473,1535,000014294,000056417
2753,56,405,248,630,000003444,000056414
2753,56,405,248,630,000003444,000056415
2753,56,405,248,630,000003444,000056416
2753,56,405,248,630,000003444,000056417
2753,524,893,806,1233,000006813,000056414
2753,524,893,806,1233,000006813,000056415
2753,524,893,806,1233,000006813,000056416
2753,524,893,806,1233,000006813,000056417
2753,5,756,341,666,000010263,000056414
2753,5,756,341,666,000010263,000056415
2753,5,756,341,666,000010263,000056416
2753,5,756,341,666,000010263,000056417
2753,177,209,360,312,000018876,000056414
2753,177,209,360,312,000018876,000056415
2753,177,209,360,312,000018876,000056416
2753,177,209,360,312,000018876,000056417
2753,1233,1133,438,896,000011724,000056414
2753,1233,1133,438,896,000011724,000056415
2753,1233,1133,438,896,000011724,000056416
2753,1233,1133,438,896,000011724,000056417
2753,147,304,111,307,000017650,000056414
2753,147,304,111,307,000017650,000056415
2753,147,304,111,307,000017650,000056416
2753,147,304,111,307,000017650,000056417
2753,326,793,551,850,000015215,000056414
2753,326,793,551,850,000015215,000056415
2753,326,793,551,850,000015215,000056416
2753,326,793,551,850,000015215,000056417
2753,74,789,588,709,000009189,000056414
2753,1617,680,931,578,000009189,000056414
2753,74,789,588,709,000009189,000056415
2753,1617,680,931,578,000009189,000056415
2753,74,789,588,709,000009189,000056416
2753,1617,680,931,578,000009189,000056416
2753,74,789,588,709,000009189,000056417
2753,1617,680,931,578,000009189,000056417
19149,376,302,391,417,000005171,000040764
19149,376,302,391,417,000005171,000040767
19149,376,302,391,417,000005171,000040768
6861,114,249,114,239,000005967,000045979
6861,114,249,114,239,000005967,000045980
8932,845,866,589,979,000016072,000042657
8932,845,866,589,979,000016072,000042658
8932,845,866,589,979,000016072,000042659
8940,174,331,219,242,000008839,000075035
8940,174,331,219,242,000008839,000075036
8940,174,331,219,242,000008839,000075037
8940,174,331,219,242,000008839,000075038
8940,342,308,3,221,000003705,000075035
8940,82,154,122,192,000003705,000075035
8940,648,2,180,2,000003705,000075035
8940,342,308,3,221,000003705,000075036
8940,82,154,122,192,000003705,000075036
8940,648,2,180,2,000003705,000075036
8940,342,308,3,221,000003705,000075037
8940,82,154,122,192,000003705,000075037
8940,648,2,180,2,000003705,000075037
8940,342,308,3,221,000003705,000075038
8940,82,154,122,192,000003705,000075038
8940,648,2,180,2,000003705,000075038
21235,242,132,164,228,000005389,000064705
21235,242,132,164,228,000005389,000064706
21235,242,132,164,228,000005389,000064708
21235,31,390,185,404,000012668,000064705
21235,31,390,185,404,000012668,000064706
21235,31,390,185,404,000012668,000064708
21245,243,294,182,453,000002498,000071027
21245,243,294,182,453,000002498,000071028
29439,909,729,582,916,000098797,000048057
29439,909,729,582,916,000098797,000048058
29439,909,729,582,916,000098797,000048059
2820,497,567,0,1193,000330429,000020869
2820,497,567,0,1193,000330429,000020870
2820,497,567,0,1193,000330429,000020871
2820,497,567,0,1193,000330429,000020872
11013,1352,475,808,692,000010310,000054556
11013,1352,475,808,692,000010310,000054558
11013,1352,475,808,692,000010310,000054559
11013,1352,475,808,692,000010310,000054560
11013,777,147,543,192,000017739,000054556
11013,777,147,543,192,000017739,000054558
11013,777,147,543,192,000017739,000054559
11013,777,147,543,192,000017739,000054560
2837,235,122,355,213,000005309,000076294
2837,235,122,355,213,000005309,000076295
2837,235,122,355,213,000005309,000076296
2837,235,122,355,213,000005309,000076297
2837,235,122,355,213,000005309,000076298
2837,2,467,316,324,000005977,000076294
2837,2,467,316,324,000005977,000076295
2837,2,467,316,324,000005977,000076296
2837,2,467,316,324,000005977,000076297
2837,2,467,316,324,000005977,000076298
2837,318,296,436,296,000004398,000076294
2837,318,296,436,296,000004398,000076295
2837,318,296,436,296,000004398,000076296
2837,318,296,436,296,000004398,000076297
2837,318,296,436,296,000004398,000076298
6948,1142,764,617,799,000001131,000019303
6948,1142,764,617,799,000001131,000019304
6948,1142,764,617,799,000001131,000019305
6948,1142,764,617,799,000001131,000019306
23334,332,735,960,932,000007127,000043713
23334,332,735,960,932,000007127,000043714
23334,332,735,960,932,000007127,000043715
4907,495,170,390,495,000002745,000072097
4907,495,170,390,495,000002745,000072098
4907,495,170,390,495,000002745,000072099
4907,112,228,107,270,000015466,000072097
4907,112,228,107,270,000015466,000072098
4907,112,228,107,270,000015466,000072099
27459,112,196,123,343,000007463,000048419
27459,112,196,123,343,000007463,000048420
27459,112,196,123,343,000007463,000048421
29510,845,405,650,870,000007050,000019702
29510,845,405,650,870,000007050,000019703
29510,845,405,650,870,000007050,000019704
29510,845,405,650,870,000007050,000019705
29510,845,405,650,870,000007050,000019706
29510,190,283,242,376,000005006,000019702
29510,190,283,242,376,000005006,000019703
29510,190,283,242,376,000005006,000019704
29510,190,283,242,376,000005006,000019705
29510,190,283,242,376,000005006,000019706
29510,191,171,227,134,000330214,000019702
29510,191,171,227,134,000330214,000019703
29510,191,171,227,134,000330214,000019704
29510,191,171,227,134,000330214,000019705
29510,191,171,227,134,000330214,000019706
29510,134,251,158,275,000007018,000019702
29510,134,251,158,275,000007018,000019703
29510,134,251,158,275,000007018,000019704
29510,134,251,158,275,000007018,000019705
29510,134,251,158,275,000007018,000019706
29510,24,609,292,680,000007353,000019702
29510,24,609,292,680,000007353,000019703
29510,24,609,292,680,000007353,000019704
29510,24,609,292,680,000007353,000019705
29510,24,609,292,680,000007353,000019706
29510,290,1748,845,936,000015173,000019702
29510,290,1748,845,936,000015173,000019703
29510,290,1748,845,936,000015173,000019704
29510,290,1748,845,936,000015173,000019705
29510,290,1748,845,936,000015173,000019706
29510,1275,842,289,1131,000005331,000019702
29510,1275,842,289,1131,000005331,000019703
29510,1275,842,289,1131,000005331,000019704
29510,1275,842,289,1131,000005331,000019705
29510,1275,842,289,1131,000005331,000019706
29510,132,384,225,413,000000123,000019702
29510,132,384,225,413,000000123,000019703
29510,132,384,225,413,000000123,000019704
29510,132,384,225,413,000000123,000019705
29510,132,384,225,413,000000123,000019706
17236,152,617,309,284,000013738,000020426
17236,152,617,309,284,000013738,000020427
17236,152,617,309,284,000013738,000020428
17236,163,129,146,113,000000677,000020426
17236,163,129,146,113,000000677,000020427
17236,163,129,146,113,000000677,000020428
4960,203,68,150,163,000015466,000051253
4960,203,68,150,163,000015466,000051254
4960,203,68,150,163,000015466,000051255
4960,203,68,150,163,000015466,000051256
21369,182,90,163,116,000007691,000046659
21369,182,90,163,116,000007691,000046660
21369,182,90,163,116,000007691,000046661
21369,182,90,163,116,000007691,000046662
21369,150,83,184,91,000005510,000046659
21369,150,83,184,91,000005510,000046660
21369,150,83,184,91,000005510,000046661
21369,150,83,184,91,000005510,000046662
21369,629,595,868,741,000000059,000046659
21369,629,595,868,741,000000059,000046660
21369,629,595,868,741,000000059,000046661
21369,629,595,868,741,000000059,000046662
19322,210,380,260,496,000251525,000058888
19322,210,380,260,496,000251525,000058889
19322,210,380,260,496,000251525,000058890
35709,197,684,888,570,000002129,000053942
35709,197,684,888,570,000002129,000053943
35709,197,684,888,570,000002129,000053944
35709,282,244,207,347,000001496,000053942
35709,282,244,207,347,000001496,000053943
35709,282,244,207,347,000001496,000053944
35709,665,713,476,671,000009991,000053942
35709,665,713,476,671,000009991,000053943
35709,665,713,476,671,000009991,000053944
35709,174,679,397,525,000012848,000053942
35709,174,679,397,525,000012848,000053943
35709,174,679,397,525,000012848,000053944
35709,91,336,236,312,000008226,000053942
35709,91,336,236,312,000008226,000053943
35709,91,336,236,312,000008226,000053944
35709,490,312,166,358,000002191,000053942
35709,490,312,166,358,000002191,000053943
35709,490,312,166,358,000002191,000053944
35709,592,498,515,450,000006275,000053942
35709,592,498,515,450,000006275,000053943
35709,592,498,515,450,000006275,000053944
35709,315,260,138,274,000005395,000053942
35709,315,260,138,274,000005395,000053943
35709,315,260,138,274,000005395,000053944
35709,111,2481,1616,1821,000004150,000053942
35709,111,2481,1616,1821,000004150,000053943
35709,111,2481,1616,1821,000004150,000053944
35709,555,370,793,319,000008005,000053942
35709,555,370,793,319,000008005,000053943
35709,555,370,793,319,000008005,000053944
35709,903,581,589,498,000017053,000053942
35709,903,581,589,498,000017053,000053943
35709,903,581,589,498,000017053,000053944
11148,777,1302,996,1412,000015317,000019413
11148,777,1302,996,1412,000015317,000019414
11148,777,1302,996,1412,000015317,000019415
11148,1196,576,940,754,000016537,000019413
11148,1196,576,940,754,000016537,000019414
11148,1196,576,940,754,000016537,000019415
33725,370,118,204,256,000016510,000049937
33725,370,118,204,256,000016510,000049938
33725,370,118,204,256,000016510,000049939
33725,947,858,480,505,000008680,000049937
33725,414,391,452,462,000008680,000049937
33725,947,858,480,505,000008680,000049938
33725,414,391,452,462,000008680,000049938
33725,947,858,480,505,000008680,000049939
33725,414,391,452,462,000008680,000049939
33725,595,730,400,1025,000007825,000049937
33725,595,730,400,1025,000007825,000049938
33725,595,730,400,1025,000007825,000049939
33725,511,671,666,715,000012876,000049937
33725,511,671,666,715,000012876,000049938
33725,511,671,666,715,000012876,000049939
33725,431,118,92,192,000015293,000049937
33725,431,118,92,192,000015293,000049938
33725,431,118,92,192,000015293,000049939
33725,332,156,214,296,000016418,000049937
33725,332,156,214,296,000016418,000049938
33725,332,156,214,296,000016418,000049939
9168,357,657,635,1024,000098576,000019479
9168,357,657,635,1024,000098576,000019480
9168,357,657,635,1024,000098576,000019481
9170,473,673,984,1020,000001063,000065689
31712,14,290,436,420,000014616,000055950
31712,14,290,436,420,000014616,000055951
35809,845,886,681,1125,000251505,000100270
35809,845,886,681,1125,000251505,000100271
35809,845,886,681,1125,000251505,000100272
31726,1113,414,1235,554,000007422,000053739
31726,1113,414,1235,554,000007422,000053740
31726,1113,414,1235,554,000007422,000053741
31726,1113,414,1235,554,000007422,000053742
9212,240,448,274,677,000330540,000037771
9212,240,448,274,677,000330540,000037772
9212,240,448,274,677,000330540,000037773
25630,290,366,397,764,000015854,000019888
25630,290,366,397,764,000015854,000019889
25630,290,366,397,764,000015854,000019890
25630,290,366,397,764,000015854,000019891
25630,260,458,605,501,000015061,000019888
25630,260,458,605,501,000015061,000019889
25630,260,458,605,501,000015061,000019890
25630,260,458,605,501,000015061,000019891
9252,140,594,374,650,000015311,000019942
9252,140,594,374,650,000015311,000019943
9252,140,594,374,650,000015311,000019944
9252,140,594,374,650,000015311,000019946
9252,472,412,437,444,000015150,000019942
9252,472,412,437,444,000015150,000019943
9252,472,412,437,444,000015150,000019944
9252,472,412,437,444,000015150,000019946
9252,249,375,104,385,000015644,000019942
9252,249,375,104,385,000015644,000019943
9252,249,375,104,385,000015644,000019944
9252,249,375,104,385,000015644,000019946
9252,176,112,123,150,000000925,000019942
9252,176,112,123,150,000000925,000019943
9252,176,112,123,150,000000925,000019944
9252,176,112,123,150,000000925,000019946
9252,1124,537,1031,624,000010039,000019942
9252,1124,537,1031,624,000010039,000019943
9252,1124,537,1031,624,000010039,000019944
9252,1124,537,1031,624,000010039,000019946
9252,505,485,695,470,000014586,000019942
9252,505,485,695,470,000014586,000019943
9252,505,485,695,470,000014586,000019944
9252,505,485,695,470,000014586,000019946
9252,292,368,231,480,000004658,000019942
9252,292,368,231,480,000004658,000019943
9252,292,368,231,480,000004658,000019944
9252,292,368,231,480,000004658,000019946
7209,960,326,1115,338,000013121,000041237
7209,591,380,1066,528,000013121,000041237
7209,960,326,1115,338,000013121,000041238
7209,591,380,1066,528,000013121,000041238
7209,960,326,1115,338,000013121,000041239
7209,591,380,1066,528,000013121,000041239
7209,960,326,1115,338,000013121,000041240
7209,591,380,1066,528,000013121,000041240
7209,279,331,945,427,000329823,000041237
7209,279,331,945,427,000329823,000041238
7209,279,331,945,427,000329823,000041239
7209,279,331,945,427,000329823,000041240
7209,410,849,483,866,000004323,000041237
7209,410,849,483,866,000004323,000041238
7209,410,849,483,866,000004323,000041239
7209,410,849,483,866,000004323,000041240
7209,882,244,1030,278,000001026,000041237
7209,882,244,1030,278,000001026,000041238
7209,882,244,1030,278,000001026,000041239
7209,882,244,1030,278,000001026,000041240
7209,1146,346,2117,587,000009932,000041237
7209,1146,346,2117,587,000009932,000041238
7209,1146,346,2117,587,000009932,000041239
7209,1146,346,2117,587,000009932,000041240
7209,868,677,1036,687,000000828,000041237
7209,868,677,1036,687,000000828,000041238
7209,868,677,1036,687,000000828,000041239
7209,868,677,1036,687,000000828,000041240
7209,232,184,229,196,000001904,000041237
7209,232,184,229,196,000001904,000041238
7209,232,184,229,196,000001904,000041239
7209,232,184,229,196,000001904,000041240
7209,124,241,246,333,000018333,000041237
7209,124,241,246,333,000018333,000041238
7209,124,241,246,333,000018333,000041239
7209,124,241,246,333,000018333,000041240
3120,783,1436,887,1941,000006022,000020537
3120,783,1436,887,1941,000006022,000020538
3120,783,1436,887,1941,000006022,000020540
13365,491,155,158,210,000010958,000052041
13365,83,189,186,256,000010958,000052041
13365,491,155,158,210,000010958,000052042
13365,83,189,186,256,000010958,000052042
13365,491,155,158,210,000010958,000052043
13365,83,189,186,256,000010958,000052043
23622,919,602,858,831,000006445,000031942
23622,919,602,858,831,000006445,000031944
23622,919,602,858,831,000006445,000031946
11343,496,328,281,408,000018359,000080378
11343,496,328,281,408,000018359,000080379
11343,115,258,220,284,000007630,000080378
11343,115,258,220,284,000007630,000080379
11343,732,707,438,1059,000013941,000080378
11343,732,707,438,1059,000013941,000080379
3155,880,630,670,962,000011800,000056594
3155,880,630,670,962,000011800,000056595
5210,1520,224,1250,1050,000000631,000055715
5210,1520,224,1250,1050,000000631,000055716
5210,912,697,133,816,000011709,000055715
5210,912,697,133,816,000011709,000055716
37988,213,110,245,212,000007406,000080043
33901,130,200,81,176,000006886,000036208
33901,134,199,82,175,000006886,000036208
33901,130,200,81,176,000006886,000036211
33901,134,199,82,175,000006886,000036211
33901,130,200,81,176,000006886,000036214
33901,134,199,82,175,000006886,000036214
35966,507,1551,728,1353,000011607,000019974
35966,507,1551,728,1353,000011607,000019975
35966,507,1551,728,1353,000011607,000019976
35966,378,1131,1049,1347,000013901,000019974
35966,378,1131,1049,1347,000013901,000019975
35966,378,1131,1049,1347,000013901,000019976
35966,38,468,59,221,000010029,000019974
35966,38,468,59,221,000010029,000019975
35966,38,468,59,221,000010029,000019976
35966,59,420,195,495,000014423,000019974
35966,59,420,195,495,000014423,000019975
35966,59,420,195,495,000014423,000019976
35966,903,712,996,1015,000004259,000019974
35966,903,712,996,1015,000004259,000019975
35966,903,712,996,1015,000004259,000019976
35966,201,1098,334,1117,000015125,000019974
35966,201,1098,334,1117,000015125,000019975
35966,201,1098,334,1117,000015125,000019976
35966,231,1038,590,1150,000002071,000019974
35966,1364,1988,15,1573,000002071,000019974
35966,231,1038,590,1150,000002071,000019975
35966,1364,1988,15,1573,000002071,000019975
35966,231,1038,590,1150,000002071,000019976
35966,1364,1988,15,1573,000002071,000019976
35966,46,207,97,239,000010593,000019974
35966,336,244,0,123,000010593,000019974
35966,46,207,97,239,000010593,000019975
35966,336,244,0,123,000010593,000019975
35966,46,207,97,239,000010593,000019976
35966,336,244,0,123,000010593,000019976
35966,134,446,560,410,000018581,000019974
35966,134,446,560,410,000018581,000019975
35966,134,446,560,410,000018581,000019976
35966,220,217,144,278,000005676,000019974
35966,220,217,144,278,000005676,000019975
35966,220,217,144,278,000005676,000019976
35966,1179,170,2010,327,000001407,000019974
35966,1179,170,2010,327,000001407,000019975
35966,1179,170,2010,327,000001407,000019976
35966,806,796,414,818,000098566,000019974
35966,806,796,414,818,000098566,000019975
35966,806,796,414,818,000098566,000019976
35966,760,172,362,542,000015738,000019974
35966,760,172,362,542,000015738,000019975
35966,760,172,362,542,000015738,000019976
35966,3486,927,694,1341,000004628,000019974
35966,3486,927,694,1341,000004628,000019975
35966,3486,927,694,1341,000004628,000019976
35966,464,1267,955,1963,000010962,000019974
35966,464,1267,955,1963,000010962,000019975
35966,464,1267,955,1963,000010962,000019976
35966,460,1061,687,787,000016503,000019974
35966,460,1061,687,787,000016503,000019975
35966,460,1061,687,787,000016503,000019976
35966,90,305,159,446,000014844,000019974
35966,640,243,197,398,000014844,000019974
35966,90,305,159,446,000014844,000019975
35966,640,243,197,398,000014844,000019975
35966,90,305,159,446,000014844,000019976
35966,640,243,197,398,000014844,000019976
35966,183,446,245,274,000014954,000019974
35966,183,446,245,274,000014954,000019975
35966,183,446,245,274,000014954,000019976
19598,630,2,585,4,000012802,000053210
19598,630,2,585,4,000012802,000053211
19598,630,2,585,4,000012802,000053212
13496,1022,764,1202,966,000007891,000047142
13496,1022,764,1202,966,000007891,000047143
13496,1022,764,1202,966,000007891,000047144
13496,1022,764,1202,966,000007891,000047145
13496,261,887,321,711,000006838,000047142
13496,261,887,321,711,000006838,000047143
13496,261,887,321,711,000006838,000047144
13496,261,887,321,711,000006838,000047145
13496,578,504,368,864,000012228,000047142
13496,578,504,368,864,000012228,000047143
13496,578,504,368,864,000012228,000047144
13496,578,504,368,864,000012228,000047145
13496,444,216,130,210,000004838,000047142
13496,22,398,313,395,000004838,000047142
13496,444,216,130,210,000004838,000047143
13496,22,398,313,395,000004838,000047143
13496,444,216,130,210,000004838,000047144
13496,22,398,313,395,000004838,000047144
13496,444,216,130,210,000004838,000047145
13496,22,398,313,395,000004838,000047145
13496,504,343,221,165,000005586,000047142
13496,261,117,204,172,000005586,000047142
13496,504,343,221,165,000005586,000047143
13496,261,117,204,172,000005586,000047143
13496,504,343,221,165,000005586,000047144
13496,261,117,204,172,000005586,000047144
13496,504,343,221,165,000005586,000047145
13496,261,117,204,172,000005586,000047145
13496,143,478,354,526,000017169,000047142
13496,143,478,354,526,000017169,000047143
13496,143,478,354,526,000017169,000047144
13496,143,478,354,526,000017169,000047145
13496,549,1278,1114,1700,000005159,000047142
13496,549,1278,1114,1700,000005159,000047143
13496,549,1278,1114,1700,000005159,000047144
13496,549,1278,1114,1700,000005159,000047145
13496,257,423,330,428,000004072,000047142
13496,257,423,330,428,000004072,000047143
13496,257,423,330,428,000004072,000047144
13496,257,423,330,428,000004072,000047145
13496,385,1147,739,806,000014842,000047142
13496,385,1147,739,806,000014842,000047143
13496,385,1147,739,806,000014842,000047144
13496,385,1147,739,806,000014842,000047145
13496,240,320,156,342,000016567,000047142
13496,240,320,156,342,000016567,000047143
13496,240,320,156,342,000016567,000047144
13496,240,320,156,342,000016567,000047145
13496,224,352,204,293,000003391,000047142
13496,224,352,204,293,000003391,000047143
13496,224,352,204,293,000003391,000047144
13496,224,352,204,293,000003391,000047145
13496,1032,1605,1263,1194,000018329,000047142
13496,1032,1605,1263,1194,000018329,000047143
13496,1032,1605,1263,1194,000018329,000047144
13496,1032,1605,1263,1194,000018329,000047145
13496,839,1009,367,647,000003812,000047142
13496,839,1009,367,647,000003812,000047143
13496,839,1009,367,647,000003812,000047144
13496,839,1009,367,647,000003812,000047145
13496,85,318,236,456,000008122,000047142
13496,85,318,236,456,000008122,000047143
13496,85,318,236,456,000008122,000047144
13496,85,318,236,456,000008122,000047145
13496,1872,1252,124,1267,000016530,000047142
13496,1872,1252,124,1267,000016530,000047143
13496,1872,1252,124,1267,000016530,000047144
13496,1872,1252,124,1267,000016530,000047145
13496,236,316,178,478,000006864,000047142
13496,236,316,178,478,000006864,000047143
13496,236,316,178,478,000006864,000047144
13496,236,316,178,478,000006864,000047145
13496,227,209,71,115,000002801,000047142
13496,227,209,71,115,000002801,000047143
13496,227,209,71,115,000002801,000047144
13496,227,209,71,115,000002801,000047145
13496,314,502,213,446,000008471,000047142
13496,314,502,213,446,000008471,000047143
13496,314,502,213,446,000008471,000047144
13496,314,502,213,446,000008471,000047145
13496,1078,449,850,624,000003485,000047142
13496,1078,449,850,624,000003485,000047143
13496,1078,449,850,624,000003485,000047144
13496,1078,449,850,624,000003485,000047145
13496,642,320,271,231,000100661,000047142
13496,642,320,271,231,000100661,000047143
13496,642,320,271,231,000100661,000047144
13496,642,320,271,231,000100661,000047145
1212,153,870,466,795,000363593,000043411
1212,153,870,466,795,000363593,000043412
1212,153,870,466,795,000363593,000043413
1212,42,828,51,853,000013083,000043411
1212,1011,712,205,746,000013083,000043411
1212,47,823,917,828,000013083,000043411
1212,42,828,51,853,000013083,000043412
1212,1011,712,205,746,000013083,000043412
1212,47,823,917,828,000013083,000043412
1212,42,828,51,853,000013083,000043413
1212,1011,712,205,746,000013083,000043413
1212,47,823,917,828,000013083,000043413
1212,444,445,373,402,000002943,000043411
1212,444,445,373,402,000002943,000043412
1212,444,445,373,402,000002943,000043413
1212,1380,371,671,391,000011373,000043411
1212,1380,371,671,391,000011373,000043412
1212,1380,371,671,391,000011373,000043413
1212,858,1108,592,905,000016868,000043411
1212,858,1108,592,905,000016868,000043412
1212,858,1108,592,905,000016868,000043413
9419,240,1039,944,1365,000098767,000050198
9419,240,1039,944,1365,000098767,000050200
9419,240,1039,944,1365,000098767,000050202
1242,157,171,240,206,000000905,000048996
1242,157,171,240,206,000000905,000048997
1242,157,171,240,206,000000905,000048998
1242,157,171,240,206,000000905,000049000
1242,728,776,775,886,000012255,000048996
1242,728,776,775,886,000012255,000048997
1242,728,776,775,886,000012255,000048998
1242,728,776,775,886,000012255,000049000
1242,1234,840,1653,988,000003878,000048996
1242,1234,840,1653,988,000003878,000048997
1242,1234,840,1653,988,000003878,000048998
1242,1234,840,1653,988,000003878,000049000
1242,331,856,235,1690,000016482,000048996
1242,331,856,235,1690,000016482,000048997
1242,331,856,235,1690,000016482,000048998
1242,331,856,235,1690,000016482,000049000
1242,132,157,130,115,000002327,000048996
1242,132,157,130,115,000002327,000048997
1242,132,157,130,115,000002327,000048998
1242,132,157,130,115,000002327,000049000
1242,558,610,422,909,000000472,000048996
1242,558,610,422,909,000000472,000048997
1242,558,610,422,909,000000472,000048998
1242,558,610,422,909,000000472,000049000
1242,132,750,422,762,000016168,000048996
1242,132,750,422,762,000016168,000048997
1242,132,750,422,762,000016168,000048998
1242,132,750,422,762,000016168,000049000
1242,259,122,7,200,000003686,000048996
1242,259,122,7,200,000003686,000048997
1242,259,122,7,200,000003686,000048998
1242,259,122,7,200,000003686,000049000
1242,676,421,384,516,000007557,000048996
1242,676,421,384,516,000007557,000048997
1242,676,421,384,516,000007557,000048998
1242,676,421,384,516,000007557,000049000
31976,394,483,452,497,000014675,000038288
31976,394,483,452,497,000014675,000038290
31976,394,483,452,497,000014675,000038292
34053,1371,1110,810,957,000015224,000038367
34053,48,1116,871,884,000015224,000038367
34053,1371,1110,810,957,000015224,000038368
34053,48,1116,871,884,000015224,000038368
34053,1371,1110,810,957,000015224,000038369
34053,48,1116,871,884,000015224,000038369
23827,46,724,732,1672,000006621,000047992
23827,46,724,732,1672,000006621,000047993
23827,46,724,732,1672,000006621,000047994
25877,850,682,862,1271,000000167,000056912
25877,850,682,862,1271,000000167,000056913
25877,850,682,862,1271,000000167,000056914
25877,850,682,862,1271,000000167,000056915
25877,138,115,312,319,000006876,000056912
25877,138,115,312,319,000006876,000056913
25877,138,115,312,319,000006876,000056914
25877,138,115,312,319,000006876,000056915
25877,594,1248,845,974,000006990,000056912
25877,594,1248,845,974,000006990,000056913
25877,594,1248,845,974,000006990,000056914
25877,594,1248,845,974,000006990,000056915
25877,4,277,216,477,000001604,000056912
25877,4,277,216,477,000001604,000056913
25877,4,277,216,477,000001604,000056914
25877,4,277,216,477,000001604,000056915
11561,137,540,175,849,000014491,000059153
11561,1054,558,235,806,000014491,000059153
11561,137,540,175,849,000014491,000059155
11561,1054,558,235,806,000014491,000059155
11561,137,540,175,849,000014491,000059157
11561,1054,558,235,806,000014491,000059157
11561,227,518,424,724,000009852,000059153
11561,227,518,424,724,000009852,000059155
11561,227,518,424,724,000009852,000059157
11561,146,212,202,433,000014584,000059153
11561,146,212,202,433,000014584,000059155
11561,146,212,202,433,000014584,000059157
11561,648,4,825,4,000008158,000059153
11561,307,533,840,1066,000008158,000059153
11561,217,627,883,1028,000008158,000059153
11561,298,590,893,1008,000008158,000059153
11561,648,4,825,4,000008158,000059155
11561,307,533,840,1066,000008158,000059155
11561,217,627,883,1028,000008158,000059155
11561,298,590,893,1008,000008158,000059155
11561,648,4,825,4,000008158,000059157
11561,307,533,840,1066,000008158,000059157
11561,217,627,883,1028,000008158,000059157
11561,298,590,893,1008,000008158,000059157
11561,454,886,967,1300,000011852,000059153
11561,454,886,967,1300,000011852,000059155
11561,454,886,967,1300,000011852,000059157
17707,342,934,592,459,000003250,000019778
17707,342,934,592,459,000003250,000019780
17707,342,934,592,459,000003250,000019782
17707,342,934,592,459,000003250,000019784
17707,602,899,457,1082,000004745,000019778
17707,602,899,457,1082,000004745,000019780
17707,602,899,457,1082,000004745,000019782
17707,602,899,457,1082,000004745,000019784
23863,376,607,414,703,000012954,000039947
23863,376,607,414,703,000012954,000039948
23863,376,607,414,703,000012954,000039949
23863,376,607,414,703,000012954,000039950
23863,760,330,412,676,000010028,000039947
23863,760,330,412,676,000010028,000039948
23863,760,330,412,676,000010028,000039949
23863,760,330,412,676,000010028,000039950
32063,714,208,83,267,000014954,000044437
32063,602,279,364,317,000014954,000044437
32063,714,208,83,267,000014954,000044438
32063,602,279,364,317,000014954,000044438
32063,714,208,83,267,000014954,000044439
32063,602,279,364,317,000014954,000044439
32063,714,208,83,267,000014954,000044440
32063,602,279,364,317,000014954,000044440
32063,874,630,425,1003,000017701,000044437
32063,874,630,425,1003,000017701,000044438
32063,874,630,425,1003,000017701,000044439
32063,874,630,425,1003,000017701,000044440
32063,611,376,173,464,000007858,000044437
32063,611,376,173,464,000007858,000044438
32063,611,376,173,464,000007858,000044439
32063,611,376,173,464,000007858,000044440
32063,1190,772,771,820,000011697,000044437
32063,1190,772,771,820,000011697,000044438
32063,1190,772,771,820,000011697,000044439
32063,1190,772,771,820,000011697,000044440
32063,3,4,423,4,000003834,000044437
32063,83,822,423,675,000003834,000044437
32063,3,4,423,4,000003834,000044438
32063,83,822,423,675,000003834,000044438
32063,3,4,423,4,000003834,000044439
32063,83,822,423,675,000003834,000044439
32063,3,4,423,4,000003834,000044440
32063,83,822,423,675,000003834,000044440
32063,1248,426,457,924,000018353,000044437
32063,1248,426,457,924,000018353,000044438
32063,1248,426,457,924,000018353,000044439
32063,1248,426,457,924,000018353,000044440
32063,856,502,1084,595,000017571,000044437
32063,856,502,1084,595,000017571,000044438
32063,856,502,1084,595,000017571,000044439
32063,856,502,1084,595,000017571,000044440
17727,197,344,811,260,000014277,000041863
17727,215,282,1122,498,000014277,000041863
17727,197,344,811,260,000014277,000041864
17727,215,282,1122,498,000014277,000041864
17727,197,344,811,260,000014277,000041865
17727,215,282,1122,498,000014277,000041865
17727,197,344,811,260,000014277,000041866
17727,215,282,1122,498,000014277,000041866
17727,301,186,145,215,000002359,000041863
17727,301,186,145,215,000002359,000041864
17727,301,186,145,215,000002359,000041865
17727,301,186,145,215,000002359,000041866
17727,755,620,394,595,000098704,000041863
17727,755,620,394,595,000098704,000041864
17727,755,620,394,595,000098704,000041865
17727,755,620,394,595,000098704,000041866
17727,3212,1134,873,1087,000005870,000041863
17727,614,1146,968,1205,000005870,000041863
17727,3212,1134,873,1087,000005870,000041864
17727,614,1146,968,1205,000005870,000041864
17727,3212,1134,873,1087,000005870,000041865
17727,614,1146,968,1205,000005870,000041865
17727,3212,1134,873,1087,000005870,000041866
17727,614,1146,968,1205,000005870,000041866
17727,97,674,734,561,000363617,000041863
17727,97,674,734,561,000363617,000041864
17727,97,674,734,561,000363617,000041865
17727,97,674,734,561,000363617,000041866
30021,80,148,126,204,000009990,000019180
30021,80,148,126,204,000009990,000019181
30021,80,148,126,204,000009990,000019182
30021,80,148,126,204,000009990,000019183
30021,80,148,126,204,000009990,000019184
30021,1142,846,1020,1155,000098703,000019180
30021,1142,846,1020,1155,000098703,000019181
30021,1142,846,1020,1155,000098703,000019182
30021,1142,846,1020,1155,000098703,000019183
30021,1142,846,1020,1155,000098703,000019184
30021,891,624,507,863,000003625,000019180
30021,891,624,507,863,000003625,000019181
30021,891,624,507,863,000003625,000019182
30021,891,624,507,863,000003625,000019183
30021,891,624,507,863,000003625,000019184
30021,538,483,331,347,000004969,000019180
30021,78,325,431,342,000004969,000019180
30021,538,483,331,347,000004969,000019181
30021,78,325,431,342,000004969,000019181
30021,538,483,331,347,000004969,000019182
30021,78,325,431,342,000004969,000019182
30021,538,483,331,347,000004969,000019183
30021,78,325,431,342,000004969,000019183
30021,538,483,331,347,000004969,000019184
30021,78,325,431,342,000004969,000019184
30021,78,508,341,687,000002501,000019180
30021,742,1162,308,623,000002501,000019180
30021,78,508,341,687,000002501,000019181
30021,742,1162,308,623,000002501,000019181
30021,78,508,341,687,000002501,000019182
30021,742,1162,308,623,000002501,000019182
30021,78,508,341,687,000002501,000019183
30021,742,1162,308,623,000002501,000019183
30021,78,508,341,687,000002501,000019184
30021,742,1162,308,623,000002501,000019184
30021,376,449,249,295,000003937,000019180
30021,376,449,249,295,000003937,000019181
30021,376,449,249,295,000003937,000019182
30021,376,449,249,295,000003937,000019183
30021,376,449,249,295,000003937,000019184
30021,75,393,170,419,000012037,000019180
30021,75,393,170,419,000012037,000019181
30021,75,393,170,419,000012037,000019182
30021,75,393,170,419,000012037,000019183
30021,75,393,170,419,000012037,000019184
30021,288,1100,804,1638,000017996,000019180
30021,288,1100,804,1638,000017996,000019181
30021,288,1100,804,1638,000017996,000019182
30021,288,1100,804,1638,000017996,000019183
30021,288,1100,804,1638,000017996,000019184
11614,1935,739,458,1026,000001270,000056806
11614,194,1026,520,1003,000001270,000056806
11614,1935,739,458,1026,000001270,000056808
11614,194,1026,520,1003,000001270,000056808
11614,1935,739,458,1026,000001270,000056810
11614,194,1026,520,1003,000001270,000056810
11614,1302,337,1717,337,000010010,000056806
11614,1302,337,1717,337,000010010,000056808
11614,1302,337,1717,337,000010010,000056810
11614,756,978,1293,1158,000018085,000056806
11614,756,978,1293,1158,000018085,000056808
11614,756,978,1293,1158,000018085,000056810
11614,164,362,395,261,000004293,000056806
11614,164,362,395,261,000004293,000056808
11614,164,362,395,261,000004293,000056810
28015,214,941,775,1209,000329790,000019328
28015,214,941,775,1209,000329790,000019329
28015,214,941,775,1209,000329790,000019330
28015,214,941,775,1209,000329790,000019331
28015,214,941,775,1209,000329790,000019332
28015,764,1355,712,1407,000015897,000019328
28015,764,1355,712,1407,000015897,000019329
28015,764,1355,712,1407,000015897,000019330
28015,764,1355,712,1407,000015897,000019331
28015,764,1355,712,1407,000015897,000019332
28015,535,431,1761,584,000005697,000019328
28015,535,431,1761,584,000005697,000019329
28015,535,431,1761,584,000005697,000019330
28015,535,431,1761,584,000005697,000019331
28015,535,431,1761,584,000005697,000019332
7595,245,170,126,138,000012655,000021064
7595,245,170,126,138,000012655,000021065
7595,245,170,126,138,000012655,000021066
7595,245,170,126,138,000012655,000021067
7595,190,105,134,189,000007852,000021064
7595,190,105,134,189,000007852,000021065
7595,190,105,134,189,000007852,000021066
7595,190,105,134,189,000007852,000021067
17837,687,857,186,1283,000016843,000020681
17837,687,857,186,1283,000016843,000020682
17837,687,857,186,1283,000016843,000020683
17837,151,135,160,219,000098580,000020681
17837,151,135,160,219,000098580,000020682
17837,151,135,160,219,000098580,000020683
17841,251,701,649,616,000004178,000050972
17841,251,701,649,616,000004178,000050973
17841,251,701,649,616,000004178,000050974
17841,5,355,756,314,000011110,000050972
17841,30,697,326,265,000011110,000050972
17841,5,355,756,314,000011110,000050973
17841,30,697,326,265,000011110,000050973
17841,5,355,756,314,000011110,000050974
17841,30,697,326,265,000011110,000050974
17841,909,1400,838,1356,000007904,000050972
17841,909,1400,838,1356,000007904,000050973
17841,909,1400,838,1356,000007904,000050974
11705,350,1271,639,1968,000329882,000112575
11705,350,1271,639,1968,000329882,000112576
11705,350,1271,639,1968,000329882,000112577
26070,536,1388,122,974,000009940,000056475
26070,536,1388,122,974,000009940,000056476
26070,536,1388,122,974,000009940,000056477
26070,536,1388,122,974,000009940,000056478
26070,536,1388,122,974,000009940,000056479
26070,420,199,234,252,000013887,000056475
26070,36,256,18,209,000013887,000056475
26070,420,199,234,252,000013887,000056476
26070,36,256,18,209,000013887,000056476
26070,420,199,234,252,000013887,000056477
26070,36,256,18,209,000013887,000056477
26070,420,199,234,252,000013887,000056478
26070,36,256,18,209,000013887,000056478
26070,420,199,234,252,000013887,000056479
26070,36,256,18,209,000013887,000056479
26070,166,231,123,208,000330210,000056475
26070,166,231,123,208,000330210,000056476
26070,166,231,123,208,000330210,000056477
26070,166,231,123,208,000330210,000056478
26070,166,231,123,208,000330210,000056479
26070,97,394,276,326,000015967,000056475
26070,97,394,276,326,000015967,000056476
26070,97,394,276,326,000015967,000056477
26070,97,394,276,326,000015967,000056478
26070,97,394,276,326,000015967,000056479
26070,190,150,492,184,000002860,000056475
26070,190,150,492,184,000002860,000056476
26070,190,150,492,184,000002860,000056477
26070,190,150,492,184,000002860,000056478
26070,190,150,492,184,000002860,000056479
26070,50,72,451,185,000010232,000056475
26070,521,31,158,81,000010232,000056475
26070,50,72,451,185,000010232,000056476
26070,521,31,158,81,000010232,000056476
26070,50,72,451,185,000010232,000056477
26070,521,31,158,81,000010232,000056477
26070,50,72,451,185,000010232,000056478
26070,521,31,158,81,000010232,000056478
26070,50,72,451,185,000010232,000056479
26070,521,31,158,81,000010232,000056479
26070,308,278,198,210,000005249,000056475
26070,308,278,198,210,000005249,000056476
26070,308,278,198,210,000005249,000056477
26070,308,278,198,210,000005249,000056478
26070,308,278,198,210,000005249,000056479
26070,195,292,157,463,000005801,000056475
26070,195,292,157,463,000005801,000056476
26070,195,292,157,463,000005801,000056477
26070,195,292,157,463,000005801,000056478
26070,195,292,157,463,000005801,000056479
26070,166,340,229,177,000001157,000056475
26070,166,340,229,177,000001157,000056476
26070,166,340,229,177,000001157,000056477
26070,166,340,229,177,000001157,000056478
26070,166,340,229,177,000001157,000056479
3618,136,247,73,191,000018427,000048960
3618,136,247,73,191,000018427,000048961
3618,136,247,73,191,000018427,000048963
3632,46,596,478,1457,000329880,000041634
3632,46,596,478,1457,000329880,000041635
3632,46,596,478,1457,000329880,000041636
30261,224,226,239,200,000006163,000063042
30261,224,226,239,200,000006163,000063043
30261,224,226,239,200,000006163,000063044
30261,722,451,962,468,000015575,000063042
30261,722,451,962,468,000015575,000063043
30261,722,451,962,468,000015575,000063044
30261,1107,846,588,822,000013414,000063042
30261,1107,846,588,822,000013414,000063043
30261,1107,846,588,822,000013414,000063044
30261,934,691,785,874,000003343,000063042
30261,934,691,785,874,000003343,000063043
30261,934,691,785,874,000003343,000063044
30261,107,193,2,204,000003021,000063042
30261,107,193,2,204,000003021,000063043
30261,107,193,2,204,000003021,000063044
11831,69,1419,673,1124,000002997,000047539
11831,69,1419,673,1124,000002997,000047540
11831,69,1419,673,1124,000002997,000047541
11831,69,1419,673,1124,000002997,000047542
11831,3,516,244,528,000330348,000047539
11831,3,516,244,528,000330348,000047540
11831,3,516,244,528,000330348,000047541
11831,3,516,244,528,000330348,000047542
11831,390,196,96,203,000006652,000047539
11831,390,196,96,203,000006652,000047540
11831,390,196,96,203,000006652,000047541
11831,390,196,96,203,000006652,000047542
11831,354,734,262,632,000015038,000047539
11831,354,734,262,632,000015038,000047540
11831,354,734,262,632,000015038,000047541
11831,354,734,262,632,000015038,000047542
30281,506,113,755,61,000013179,000052992
30281,577,100,551,293,000013179,000052992
30281,506,113,755,61,000013179,000052993
30281,577,100,551,293,000013179,000052993
30281,506,113,755,61,000013179,000052994
30281,577,100,551,293,000013179,000052994
22094,94,353,313,522,000098651,000100555
22094,94,353,313,522,000098651,000100556
22094,94,353,313,522,000098651,000100557
22094,94,353,313,522,000098651,000100558
11863,95,357,223,371,000007302,000023700
11863,145,1137,1124,1592,000003547,000023700
32357,319,849,428,921,000009415,000019563
32357,319,849,428,921,000009415,000019564
32357,319,849,428,921,000009415,000019565
32357,319,849,428,921,000009415,000019566
32357,1203,1177,1331,1706,000003757,000019563
32357,1203,1177,1331,1706,000003757,000019564
32357,1203,1177,1331,1706,000003757,000019565
32357,1203,1177,1331,1706,000003757,000019566
32357,663,678,741,940,000014516,000019563
32357,663,678,741,940,000014516,000019564
32357,663,678,741,940,000014516,000019565
32357,663,678,741,940,000014516,000019566
32357,23,1221,559,1016,000000718,000019563
32357,23,1221,559,1016,000000718,000019564
32357,23,1221,559,1016,000000718,000019565
32357,23,1221,559,1016,000000718,000019566
32357,161,153,300,243,000015451,000019563
32357,161,153,300,243,000015451,000019564
32357,161,153,300,243,000015451,000019565
32357,161,153,300,243,000015451,000019566
32357,699,607,751,700,000011749,000019563
32357,699,607,751,700,000011749,000019564
32357,699,607,751,700,000011749,000019565
32357,699,607,751,700,000011749,000019566
28268,147,180,155,168,000001916,000044100
28268,147,180,155,168,000001916,000044102
28268,147,180,155,168,000001916,000044104
28268,147,180,155,168,000001916,000044106
28268,351,851,703,1197,000009588,000044100
28268,351,851,703,1197,000009588,000044102
28268,351,851,703,1197,000009588,000044104
28268,351,851,703,1197,000009588,000044106
28268,1385,640,857,738,000009739,000044100
28268,1385,640,857,738,000009739,000044102
28268,1385,640,857,738,000009739,000044104
28268,1385,640,857,738,000009739,000044106
28268,625,403,441,549,000100631,000044100
28268,625,403,441,549,000100631,000044102
28268,625,403,441,549,000100631,000044104
28268,625,403,441,549,000100631,000044106
28268,565,309,439,599,000012202,000044100
28268,565,309,439,599,000012202,000044102
28268,565,309,439,599,000012202,000044104
28268,565,309,439,599,000012202,000044106
28268,502,239,633,249,000018075,000044100
28268,502,239,633,249,000018075,000044102
28268,502,239,633,249,000018075,000044104
28268,502,239,633,249,000018075,000044106
28268,180,460,604,239,000011646,000044100
28268,180,460,604,239,000011646,000044102
28268,180,460,604,239,000011646,000044104
28268,180,460,604,239,000011646,000044106
28268,1033,780,1568,1446,000008787,000044100
28268,1033,780,1568,1446,000008787,000044102
28268,1033,780,1568,1446,000008787,000044104
28268,1033,780,1568,1446,000008787,000044106
32383,179,102,140,116,000008423,000052566
32383,179,102,140,116,000008423,000052567
32383,179,102,140,116,000008423,000052568
20108,173,137,103,165,000007252,000043993
20108,173,137,103,165,000007252,000043995
20108,173,137,103,165,000007252,000043997
20108,316,1003,839,1204,000014216,000043993
20108,316,1003,839,1204,000014216,000043995
20108,316,1003,839,1204,000014216,000043997
9880,781,418,1110,623,000009819,000038505
9880,781,418,1110,623,000009819,000038506
9880,781,418,1110,623,000009819,000038507
9880,781,418,1110,623,000009819,000038509
9880,124,415,543,402,000002602,000038505
9880,963,162,456,461,000002602,000038505
9880,124,415,543,402,000002602,000038506
9880,963,162,456,461,000002602,000038506
9880,124,415,543,402,000002602,000038507
9880,963,162,456,461,000002602,000038507
9880,124,415,543,402,000002602,000038509
9880,963,162,456,461,000002602,000038509
9880,1078,712,1049,1254,000009717,000038505
9880,1078,712,1049,1254,000009717,000038506
9880,1078,712,1049,1254,000009717,000038507
9880,1078,712,1049,1254,000009717,000038509
9880,588,1568,1008,1324,000008201,000038505
9880,588,1568,1008,1324,000008201,000038506
9880,588,1568,1008,1324,000008201,000038507
9880,588,1568,1008,1324,000008201,000038509
9880,321,1026,326,1011,000011823,000038505
9880,321,1026,326,1011,000011823,000038506
9880,321,1026,326,1011,000011823,000038507
9880,321,1026,326,1011,000011823,000038509
9880,326,732,560,542,000001183,000038505
9880,326,732,560,542,000001183,000038506
9880,326,732,560,542,000001183,000038507
9880,326,732,560,542,000001183,000038509
13989,825,572,1118,756,000016420,000049909
13989,825,572,1118,756,000016420,000049910
13989,110,531,810,1038,000018696,000049909
13989,110,531,810,1038,000018696,000049910
13989,677,669,649,733,000012049,000049909
13989,677,669,649,733,000012049,000049910
36522,150,347,517,429,000014897,000045061
36522,150,347,517,429,000014897,000045062
36522,150,347,517,429,000014897,000045063
36522,150,347,517,429,000014897,000045064
36522,84,390,280,497,000006923,000045061
36522,84,390,280,497,000006923,000045062
36522,84,390,280,497,000006923,000045063
36522,84,390,280,497,000006923,000045064
36522,324,1274,529,1468,000012537,000045061
36522,324,1274,529,1468,000012537,000045062
36522,324,1274,529,1468,000012537,000045063
36522,324,1274,529,1468,000012537,000045064
36522,305,174,372,199,000014800,000045061
36522,305,174,372,199,000014800,000045062
36522,305,174,372,199,000014800,000045063
36522,305,174,372,199,000014800,000045064
36522,444,674,650,976,000003227,000045061
36522,444,674,650,976,000003227,000045062
36522,444,674,650,976,000003227,000045063
36522,444,674,650,976,000003227,000045064
36522,126,285,177,247,000002619,000045061
36522,126,285,177,247,000002619,000045062
36522,126,285,177,247,000002619,000045063
36522,126,285,177,247,000002619,000045064
36522,59,331,114,276,000000569,000045061
36522,59,331,114,276,000000569,000045062
36522,59,331,114,276,000000569,000045063
36522,59,331,114,276,000000569,000045064
24268,84,3613,1956,3651,000016690,000043915
24268,84,3613,1956,3651,000016690,000043916
24268,84,3613,1956,3651,000016690,000043917
24268,84,3613,1956,3651,000016690,000043918
24268,114,429,288,608,000018715,000043915
24268,114,429,288,608,000018715,000043916
24268,114,429,288,608,000018715,000043917
24268,114,429,288,608,000018715,000043918
38610,142,332,365,472,000016146,000054105
38610,142,332,365,472,000016146,000054106
38610,142,332,365,472,000016146,000054107
38610,142,332,365,472,000016146,000054108
38610,126,350,182,374,000014668,000054105
38610,126,350,182,374,000014668,000054106
38610,126,350,182,374,000014668,000054107
38610,126,350,182,374,000014668,000054108
38610,273,1714,600,2099,000017365,000054105
38610,273,1714,600,2099,000017365,000054106
38610,273,1714,600,2099,000017365,000054107
38610,273,1714,600,2099,000017365,000054108
38610,388,1011,784,1594,000013998,000054105
38610,388,1011,784,1594,000013998,000054106
38610,388,1011,784,1594,000013998,000054107
38610,388,1011,784,1594,000013998,000054108
7890,87,1510,1025,1487,000003174,000040682
7890,87,1510,1025,1487,000003174,000040683
7890,87,1510,1025,1487,000003174,000040685
24286,134,87,315,152,000015336,000019769
24286,134,87,315,152,000015336,000019770
24286,134,87,315,152,000015336,000019771
24286,134,87,315,152,000015336,000019772
24286,715,318,940,735,000013978,000019769
24286,715,318,940,735,000013978,000019770
24286,715,318,940,735,000013978,000019771
24286,715,318,940,735,000013978,000019772
24286,402,198,253,343,000004599,000019769
24286,402,198,253,343,000004599,000019770
24286,402,198,253,343,000004599,000019771
24286,402,198,253,343,000004599,000019772
24286,921,1050,985,1015,000018394,000019769
24286,921,1050,985,1015,000018394,000019770
24286,921,1050,985,1015,000018394,000019771
24286,921,1050,985,1015,000018394,000019772
28381,342,255,373,263,000001155,000050691
28381,342,255,373,263,000001155,000050693
28381,342,255,373,263,000001155,000050694
28381,187,160,137,134,000007775,000050691
28381,187,160,137,134,000007775,000050693
28381,187,160,137,134,000007775,000050694
28381,1872,808,425,1083,000015750,000050691
28381,1872,808,425,1083,000015750,000050693
28381,1872,808,425,1083,000015750,000050694
34540,1348,923,1218,1115,000001531,000063193
28400,189,230,337,433,000013049,000052976
28400,189,230,337,433,000013049,000052977
28400,189,230,337,433,000013049,000052978
9981,35,459,83,517,000007011,000020279
9981,35,459,83,517,000007011,000020280
9981,35,459,83,517,000007011,000020281
9981,35,459,83,517,000007011,000020282
9981,35,459,83,517,000007011,000020283
9981,361,165,173,186,000013234,000020279
9981,361,165,173,186,000013234,000020280
9981,361,165,173,186,000013234,000020281
9981,361,165,173,186,000013234,000020282
9981,361,165,173,186,000013234,000020283
9981,519,1094,1379,1339,000330185,000020279
9981,519,1094,1379,1339,000330185,000020280
9981,519,1094,1379,1339,000330185,000020281
9981,519,1094,1379,1339,000330185,000020282
9981,519,1094,1379,1339,000330185,000020283
9981,111,366,247,420,000011764,000020279
9981,111,366,247,420,000011764,000020280
9981,111,366,247,420,000011764,000020281
9981,111,366,247,420,000011764,000020282
9981,111,366,247,420,000011764,000020283
9981,627,1079,1540,2373,000330066,000020279
9981,627,1079,1540,2373,000330066,000020280
9981,627,1079,1540,2373,000330066,000020281
9981,627,1079,1540,2373,000330066,000020282
9981,627,1079,1540,2373,000330066,000020283
9981,104,426,166,544,000010901,000020279
9981,104,426,166,544,000010901,000020280
9981,104,426,166,544,000010901,000020281
9981,104,426,166,544,000010901,000020282
9981,104,426,166,544,000010901,000020283
9981,319,390,204,509,000011685,000020279
9981,319,390,204,509,000011685,000020280
9981,319,390,204,509,000011685,000020281
9981,319,390,204,509,000011685,000020282
9981,319,390,204,509,000011685,000020283
9981,267,152,213,216,000006222,000020279
9981,267,152,213,216,000006222,000020280
9981,267,152,213,216,000006222,000020281
9981,267,152,213,216,000006222,000020282
9981,267,152,213,216,000006222,000020283
9981,544,534,409,809,000011061,000020279
9981,544,534,409,809,000011061,000020280
9981,544,534,409,809,000011061,000020281
9981,544,534,409,809,000011061,000020282
9981,544,534,409,809,000011061,000020283
9981,238,1423,1020,1714,000015757,000020279
9981,238,1423,1020,1714,000015757,000020280
9981,238,1423,1020,1714,000015757,000020281
9981,238,1423,1020,1714,000015757,000020282
9981,238,1423,1020,1714,000015757,000020283
20238,70,135,113,149,000014429,000019547
20238,70,135,113,149,000014429,000019548
20238,70,135,113,149,000014429,000019549
20238,70,135,113,149,000014429,000019550
38687,161,371,94,410,000003387,000019683
38687,161,371,94,410,000003387,000019684
38687,161,371,94,410,000003387,000019685
38687,161,371,94,410,000003387,000097220
38687,405,1175,1004,1411,000009954,000019683
38687,405,1175,1004,1411,000009954,000019684
38687,405,1175,1004,1411,000009954,000019685
38687,405,1175,1004,1411,000009954,000097220
38687,339,177,447,313,000015592,000019683
38687,339,177,447,313,000015592,000019684
38687,339,177,447,313,000015592,000019685
38687,339,177,447,313,000015592,000097220
32559,549,373,781,483,000012364,000086937
32559,549,373,781,483,000012364,000086938
32559,549,373,781,483,000012364,000086939
20273,27,447,145,444,000004606,000043855
20273,27,447,145,444,000004606,000043856
20273,856,1026,687,1382,000015186,000043855
20273,856,1026,687,1382,000015186,000043856
20273,62,68,426,159,000018426,000043855
20273,73,46,91,153,000018426,000043855
20273,62,68,426,159,000018426,000043856
20273,73,46,91,153,000018426,000043856
3917,915,933,518,1318,000004604,000038034
3917,915,933,518,1318,000004604,000038035
3917,915,933,518,1318,000004604,000038036
3917,109,213,637,355,000005435,000038034
3917,109,213,637,355,000005435,000038035
3917,109,213,637,355,000005435,000038036
10066,620,740,670,780,000003231,000053726
10066,620,740,670,780,000003231,000053727
10066,620,740,670,780,000003231,000053728
34646,1095,578,996,764,000004657,000048925
34646,1095,578,996,764,000004657,000048927
34646,1095,578,996,764,000004657,000048929
34646,1095,578,996,764,000004657,000048931
34646,150,908,474,814,000002068,000048925
34646,150,908,474,814,000002068,000048927
34646,150,908,474,814,000002068,000048929
34646,150,908,474,814,000002068,000048931
1881,300,120,411,526,000004318,000023775
1881,300,120,411,526,000004318,000023776
1881,300,120,411,526,000004318,000023777
1881,300,120,411,526,000004318,000023779
22392,419,1778,1608,1656,000016648,000053925
22392,419,1778,1608,1656,000016648,000053926
22392,419,1778,1608,1656,000016648,000053927
22392,683,403,291,319,000013385,000053925
22392,683,403,291,319,000013385,000053926
22392,683,403,291,319,000013385,000053927
22392,570,928,1148,778,000008810,000053925
22392,570,928,1148,778,000008810,000053926
22392,570,928,1148,778,000008810,000053927
22392,628,458,316,424,000000959,000053925
22392,628,458,316,424,000000959,000053926
22392,628,458,316,424,000000959,000053927
22392,461,718,638,960,000015129,000053925
22392,461,718,638,960,000015129,000053926
22392,461,718,638,960,000015129,000053927
22392,126,333,202,438,000011135,000053925
22392,126,333,202,438,000011135,000053926
22392,126,333,202,438,000011135,000053927
22392,200,258,385,439,000001549,000053925
22392,200,258,385,439,000001549,000053926
22392,200,258,385,439,000001549,000053927
22392,87,245,124,150,000018164,000053925
22392,87,245,124,150,000018164,000053926
22392,87,245,124,150,000018164,000053927
22392,278,290,370,299,000004098,000053925
22392,278,290,370,299,000004098,000053926
22392,278,290,370,299,000004098,000053927
22392,343,1069,673,1260,000017487,000053925
22392,343,1069,673,1260,000017487,000053926
22392,343,1069,673,1260,000017487,000053927
22392,64,840,29,698,000006207,000053925
22392,64,840,29,698,000006207,000053926
22392,64,840,29,698,000006207,000053927
36734,343,671,408,583,000018500,000035757
36734,1005,9,985,6,000018500,000035757
36734,343,671,408,583,000018500,000035758
36734,1005,9,985,6,000018500,000035758
36734,343,671,408,583,000018500,000035759
36734,1005,9,985,6,000018500,000035759
36734,343,671,408,583,000018500,000035761
36734,1005,9,985,6,000018500,000035761
36734,167,746,697,1028,000014664,000035757
36734,167,746,697,1028,000014664,000035758
36734,167,746,697,1028,000014664,000035759
36734,167,746,697,1028,000014664,000035761
36734,588,1050,821,956,000018812,000035757
36734,588,1050,821,956,000018812,000035758
36734,588,1050,821,956,000018812,000035759
36734,588,1050,821,956,000018812,000035761
36734,850,1195,763,1172,000016836,000035757
36734,850,1195,763,1172,000016836,000035758
36734,850,1195,763,1172,000016836,000035759
36734,850,1195,763,1172,000016836,000035761
36734,146,226,94,226,000003566,000035757
36734,146,226,94,226,000003566,000035758
36734,146,226,94,226,000003566,000035759
36734,146,226,94,226,000003566,000035761
36734,1014,706,897,816,000009112,000035757
36734,1014,706,897,816,000009112,000035758
36734,1014,706,897,816,000009112,000035759
36734,1014,706,897,816,000009112,000035761
16266,814,143,92,77,000000678,000054822
16266,814,143,92,77,000000678,000054823
16266,814,143,92,77,000000678,000054824
3983,220,119,218,133,000006802,000051834
3983,220,119,218,133,000006802,000051835
3983,220,119,218,133,000006802,000051836
3983,220,119,218,133,000006802,000051837
3983,47,217,117,196,000001072,000051834
3983,348,229,120,206,000001072,000051834
3983,47,217,117,196,000001072,000051835
3983,348,229,120,206,000001072,000051835
3983,47,217,117,196,000001072,000051836
3983,348,229,120,206,000001072,000051836
3983,47,217,117,196,000001072,000051837
3983,348,229,120,206,000001072,000051837
3983,138,151,133,134,000007682,000051834
3983,138,151,133,134,000007682,000051835
3983,138,151,133,134,000007682,000051836
3983,138,151,133,134,000007682,000051837
3983,318,466,478,541,000011692,000051834
3983,318,466,478,541,000011692,000051835
3983,318,466,478,541,000011692,000051836
3983,318,466,478,541,000011692,000051837
3983,605,573,338,435,000000129,000051834
3983,605,573,338,435,000000129,000051835
3983,605,573,338,435,000000129,000051836
3983,605,573,338,435,000000129,000051837
3983,112,260,111,311,000005308,000051834
3983,112,260,111,311,000005308,000051835
3983,112,260,111,311,000005308,000051836
3983,112,260,111,311,000005308,000051837
3983,841,572,1289,534,000016587,000051834
3983,841,572,1289,534,000016587,000051835
3983,841,572,1289,534,000016587,000051836
3983,841,572,1289,534,000016587,000051837
3983,160,327,306,346,000014006,000051834
3983,711,303,192,570,000014006,000051834
3983,160,327,306,346,000014006,000051835
3983,711,303,192,570,000014006,000051835
3983,160,327,306,346,000014006,000051836
3983,711,303,192,570,000014006,000051836
3983,160,327,306,346,000014006,000051837
3983,711,303,192,570,000014006,000051837
3983,713,463,505,341,000330313,000051834
3983,713,463,505,341,000330313,000051835
3983,713,463,505,341,000330313,000051836
3983,713,463,505,341,000330313,000051837
3983,571,630,530,496,000009528,000051834
3983,571,630,530,496,000009528,000051835
3983,571,630,530,496,000009528,000051836
3983,571,630,530,496,000009528,000051837
3983,345,515,582,643,000010772,000051834
3983,345,515,582,643,000010772,000051835
3983,345,515,582,643,000010772,000051836
3983,345,515,582,643,000010772,000051837
3983,100,549,224,407,000011094,000051834
3983,100,549,224,407,000011094,000051835
3983,100,549,224,407,000011094,000051836
3983,100,549,224,407,000011094,000051837
3983,301,165,118,169,000011031,000051834
3983,301,165,118,169,000011031,000051835
3983,301,165,118,169,000011031,000051836
3983,301,165,118,169,000011031,000051837
3983,337,640,351,323,000009677,000051834
3983,337,640,351,323,000009677,000051835
3983,337,640,351,323,000009677,000051836
3983,337,640,351,323,000009677,000051837
3983,868,787,740,1096,000015813,000051834
3983,868,787,740,1096,000015813,000051835
3983,868,787,740,1096,000015813,000051836
3983,868,787,740,1096,000015813,000051837
3983,82,112,121,93,000001844,000051834
3983,82,112,121,93,000001844,000051835
3983,82,112,121,93,000001844,000051836
3983,82,112,121,93,000001844,000051837
3983,243,200,183,210,000006117,000051834
3983,243,200,183,210,000006117,000051835
3983,243,200,183,210,000006117,000051836
3983,243,200,183,210,000006117,000051837
3983,76,401,272,629,000003794,000051834
3983,76,401,272,629,000003794,000051835
3983,76,401,272,629,000003794,000051836
3983,76,401,272,629,000003794,000051837
3983,389,639,723,373,000017528,000051834
3983,389,639,723,373,000017528,000051835
3983,389,639,723,373,000017528,000051836
3983,389,639,723,373,000017528,000051837
3983,1,403,225,255,000001115,000051834
3983,1,403,225,255,000001115,000051835
3983,1,403,225,255,000001115,000051836
3983,1,403,225,255,000001115,000051837
3983,102,349,195,301,000006485,000051834
3983,102,349,195,301,000006485,000051835
3983,102,349,195,301,000006485,000051836
3983,102,349,195,301,000006485,000051837
3983,554,369,534,266,000013392,000051834
3983,554,369,534,266,000013392,000051835
3983,554,369,534,266,000013392,000051836
3983,554,369,534,266,000013392,000051837
3983,734,659,1095,502,000008013,000051834
3983,734,659,1095,502,000008013,000051835
3983,734,659,1095,502,000008013,000051836
3983,734,659,1095,502,000008013,000051837
3983,290,846,552,1114,000014017,000051834
3983,290,846,552,1114,000014017,000051835
3983,290,846,552,1114,000014017,000051836
3983,290,846,552,1114,000014017,000051837
3983,144,163,129,107,000010706,000051834
3983,144,163,129,107,000010706,000051835
3983,144,163,129,107,000010706,000051836
3983,144,163,129,107,000010706,000051837
3983,44,497,287,456,000007213,000051834
3983,44,497,287,456,000007213,000051835
3983,44,497,287,456,000007213,000051836
3983,44,497,287,456,000007213,000051837
3983,147,299,278,260,000006352,000051834
3983,147,299,278,260,000006352,000051835
3983,147,299,278,260,000006352,000051836
3983,147,299,278,260,000006352,000051837
3983,238,179,380,130,000000257,000051834
3983,238,179,380,130,000000257,000051835
3983,238,179,380,130,000000257,000051836
3983,238,179,380,130,000000257,000051837
32663,8,383,162,478,000007259,000035172
32663,8,383,162,478,000007259,000035174
32663,671,329,354,491,000016214,000035172
32663,9,317,330,367,000016214,000035172
32663,354,298,352,434,000016214,000035172
32663,671,329,354,491,000016214,000035174
32663,9,317,330,367,000016214,000035174
32663,354,298,352,434,000016214,000035174
38819,78,293,108,166,000011945,000056684
38819,78,293,108,166,000011945,000056685
38819,78,293,108,166,000011945,000056686
38819,78,293,108,166,000011945,000056687
38819,2129,704,1527,963,000001802,000056684
38819,2129,704,1527,963,000001802,000056685
38819,2129,704,1527,963,000001802,000056686
38819,2129,704,1527,963,000001802,000056687
38819,874,1329,1110,1802,000330423,000056684
38819,874,1329,1110,1802,000330423,000056685
38819,874,1329,1110,1802,000330423,000056686
38819,874,1329,1110,1802,000330423,000056687
38819,28,117,404,136,000017715,000056684
38819,28,117,404,136,000017715,000056685
38819,28,117,404,136,000017715,000056686
38819,28,117,404,136,000017715,000056687
38819,336,415,520,595,000008110,000056684
38819,336,415,520,595,000008110,000056685
38819,336,415,520,595,000008110,000056686
38819,336,415,520,595,000008110,000056687
16351,130,142,126,223,000098557,000044540
16351,130,142,126,223,000098557,000044541
16351,130,142,126,223,000098557,000044542
16351,130,142,126,223,000098557,000044543
24562,491,450,325,516,000329930,000056721
24562,491,450,325,516,000329930,000056722
